8 24 0 24 28 0.101449 21.037731 16.347867 18.598472 409 337 368.923076923077 19 7 13.1758241758242 66.640625 50.83203125 55.7400841346154 1.99071729052198 arpa73
2 4 0 4 4 0.666667 11.047503 7.05842 9.03443716666667 31 28 29.6111111111111 9 6 7.40277777777778 1.7890625 1.6171875 1.70985243055556 0.427463107638889 circle04
2 5 0 5 5 0.5 11.041697 7.056643 8.83183794444444 43 37 40.5 10 6 8.1 2.57421875 2.19140625 2.42556423611111 0.485112847222222 circle05
3 6 0 6 6 0.4 14.014698 8.017409 11.2454384444444 59 46 53.9444444444444 12 7 8.99074074074074 3.58203125 2.921875 3.33072916666667 0.555121527777778 circle06
3 7 0 7 7 0.333333 14.0185 7.094569 10.9833469444444 76 60 67.2777777777778 13 7 9.61111111111111 4.62109375 3.80859375 4.26171875 0.608816964285714 circle07
4 8 0 8 8 0.285714 15.010927 9.033435 11.5513674444444 90 70 80.4444444444444 14 7 10.0555555555556 5.80078125 4.58984375 5.30251736111111 0.662814670138889 circle08
4 9 0 9 9 0.25 16.031925 9.062759 12.3309326666667 105 84 93.1111111111111 15 8 10.3456790123457 6.85546875 5.828125 6.34288194444444 0.704764660493827 circle09
5 10 0 10 10 0.222222 17.030422 12.052735 13.4700481666667 124 99 109.277777777778 15 8 10.9277777777778 8.484375 6.609375 7.80946180555556 0.780946180555556 circle10
5 11 0 11 11 0.2 17.166827 9.059727 13.3833435 143 112 125.277777777778 16 8 11.3888888888889 9.75 8.07421875 8.85091145833333 0.804628314393939 circle11
6 12 0 12 12 0.181818 18.079628 11.137595 15.4428274444444 163 132 148.055555555556 17 8 12.337962962963 12.30078125 10.08203125 10.8940972222222 0.907841435185185 circle12
6 13 0 13 13 0.166667 18.075593 12.046369 15.3948425 174 136 158.5 17 9 12.1923076923077 12.4296875 10.67578125 11.8617621527778 0.912443242521367 circle13
7 14 0 14 14 0.153846 21.067222 12.109869 17.2441014444444 199 158 179.777777777778 17 9 12.8412698412698 15.4453125 12.41796875 14.1011284722222 1.00722346230159 circle14
7 15 0 15 15 0.142857 19.096428 12.137917 16.5407676111111 215 169 196.111111111111 18 9 13.0740740740741 16.9609375 14.19921875 15.2777777777778 1.01851851851852 circle15
8 16 0 16 16 0.133333 21.104571 15.105876 18.5769352777778 246 187 224.555555555556 19 10 14.0347222222222 22.234375 16.55078125 18.5364583333333 1.15852864583333 circle16
8 17 0 17 17 0.125 19.204571 15.19212 16.8872387777778 267 214 237.333333333333 19 10 13.9607843137255 22.51953125 17.86328125 19.978515625 1.17520680147059 circle17
9 18 0 18 18 0.117647 23.197898 17.075939 19.2824588333333 306 247 267.611111111111 21 11 14.8672839506173 27.12890625 20.3203125 23.9498697916667 1.33054832175926 circle18
9 19 0 19 19 0.111111 22.030049 15.137437 19.331332 300 227 279.833333333333 19 10 14.7280701754386 28.1953125 19.828125 24.9535590277778 1.31334521198831 circle19
10 20 0 20 20 0.105263 22.355365 16.999614 19.1395285555556 374 264 313.388888888889 22 9 15.6694444444444 34.57421875 23.25 28.9188368055556 1.44594184027778 circle20
10 21 0 21 21 0.1 24.061195 16.332332 19.2771758333333 378 299 328.444444444444 20 11 15.6402116402116 36.8515625 24.9296875 30.5134548611111 1.45302166005291 circle21
11 22 0 22 22 0.0952381 27.121907 19.118922 21.6430018823529 413 306 358.352941176471 22 11 16.2887700534759 40.953125 28.01953125 35.3885569852941 1.60857077205882 circle22
11 23 0 23 23 0.0909091 27.171295 20.068678 22.5422178888889 433 370 394.888888888889 21 12 17.1690821256039 42.91015625 35.04296875 40.3838975694444 1.75582163345411 circle23
12 24 0 24 24 0.0869565 27.188158 18.410769 22.3073256111111 455 386 421.666666666667 22 12 17.5694444444444 47.1875 38.23046875 44.0451388888889 1.83521412037037 circle24
12 25 0 25 25 0.0833333 28.098881 21.057966 24.7156228888889 487 397 437.777777777778 24 13 17.5111111111111 50.33984375 42.07421875 46.1349826388889 1.84539930555556 circle25
13 26 0 26 26 0.08 28.062865 19.337008 24.8231237222222 538 374 459.222222222222 23 12 17.6623931623932 64.53515625 43.81640625 50.8838975694444 1.95707298344017 circle26
13 27 0 27 27 0.0769231 31.333236 23.214183 26.5704222777778 523 398 469.055555555556 22 13 17.3724279835391 66.6875 44.78125 51.2769097222222 1.89914480452675 circle27
14 28 0 28 28 0.0740741 31.07925 19.282836 26.0324813333333 605 453 514.888888888889 25 13 18.3888888888889 66.6328125 39.21484375 55.9264322916667 1.99737258184524 circle28
14 29 0 29 29 0.0714286 31.305347 21.089011 25.8623674444444 616 476 528.722222222222 26 14 18.2318007662835 68.83984375 51.28125 57.7454427083333 1.99122216235632 circle29
15 30 0 30 30 0.0689655 36.022131 22.556119 28.0804318333333 658 509 570.111111111111 24 13 19.0037037037037 79.17578125 58.5234375 66.5073784722222 2.21691261574074 circle30
3 5 1 4 5 0.5 10.13191 2.191756 5.54892346153846 33 24 27.9230769230769 9 4 5.58461538461538 2.125 1.47265625 1.64483173076923 0.328966346153846 circle3_row2
4 6 1 5 6 0.4 10.140671 5.212921 8.26104092857143 43 36 40.2142857142857 10 4 6.70238095238095 2.80859375 2.1796875 2.59458705357143 0.432431175595238 circle3_row3
5 7 1 6 7 0.333333 15.219501 9.228934 11.5461225384615 63 54 58.5384615384615 14 5 8.36263736263736 4.234375 3.76953125 4.01081730769231 0.572973901098901 circle3_row4
6 8 1 7 8 0.285714 15.238101 9.249626 12.095635 74 61 70.6153846153846 14 5 8.82692307692308 5.28125 4.62109375 5.12740384615385 0.640925480769231 circle3_row5
7 9 1 8 9 0.25 14.240779 9.310912 11.9698427692308 84 74 79.2307692307692 14 4 8.8034188034188 6.4140625 5.76171875 6.11027644230769 0.678919604700855 circle3_row6
8 10 1 9 10 0.222222 17.432599 10.375635 14.5587005384615 100 81 91.7692307692308 17 4 9.17692307692308 7.66796875 6.80859375 7.21274038461539 0.721274038461538 circle3_row7
9 11 1 10 11 0.2 19.59473 12.478453 15.8766140769231 118 102 110.230769230769 18 5 10.020979020979 10.2109375 8.0703125 8.71364182692308 0.792149256993007 circle3_row8
10 12 1 11 12 0.181818 21.449048 15.541967 18.7325932307692 140 120 131.923076923077 19 6 10.9935897435897 12.5390625 9.3359375 10.9555288461538 0.912960737179487 circle3_row9
4 6 1 5 6 0.4 10.244144 7.233339 8.84732553846154 46 37 42.4615384615385 11 4 7.07692307692308 3.078125 2.42578125 2.86538461538462 0.477564102564102 circle4_row2
5 7 1 6 7 0.333333 10.229561 7.229139 9.07078623076923 54 48 52.6153846153846 11 4 7.51648351648351 3.7578125 3.53125 3.68149038461538 0.525927197802198 circle4_row3
6 8 1 7 8 0.285714 15.142935 9.976513 12.6057628461538 73 60 68.7692307692308 13 5 8.59615384615385 5.328125 4.66796875 5.10426682692308 0.638033353365385 circle4_row4
7 9 1 8 9 0.25 13.335074 9.194011 11.1110862307692 85 69 76.9230769230769 14 4 8.54700854700855 6.54296875 5.79296875 6.09825721153846 0.677584134615385 circle4_row5
8 10 1 9 10 0.222222 16.171888 11.49792 13.7746848461538 99 87 92.0769230769231 15 4 9.20769230769231 7.55859375 6.91796875 7.26592548076923 0.726592548076923 circle4_row6
9 11 1 10 11 0.2 18.29863 13.529701 15.431269 112 100 106.153846153846 14 5 9.65034965034966 8.78515625 8.2578125 8.53215144230769 0.775650131118881 circle4_row7
10 12 1 11 12 0.181818 20.964015 12.699314 18.0492439230769 144 112 127.692307692308 17 5 10.6410256410256 12.9375 8.91015625 10.5949519230769 0.88291266025641 circle4_row8
11 13 1 12 13 0.166667 20.773065 14.752438 18.0634773846154 157 134 143.384615384615 18 5 11.0295857988166 13.75390625 10.84765625 11.9777644230769 0.921366494082841 circle4_row9
4 7 1 6 7 0.333333 14.301069 9.141241 11.3551225384615 59 51 56.0769230769231 12 5 8.01098901098901 4.2421875 3.91796875 4.09314903846154 0.584735576923077 circle5_row2
5 8 1 7 8 0.285714 15.32287 10.197364 11.9463980769231 78 62 69.5384615384615 15 5 8.69230769230769 5.50390625 4.76953125 5.2109375 0.6513671875 circle5_row3
6 9 1 8 9 0.25 16.050965 10.090825 12.4471718333333 91 71 80.5 14 5 8.94444444444444 6.8125 5.94921875 6.4462890625 0.716254340277778 circle5_row4
7 10 1 9 10 0.222222 18.159824 12.16997 15.3763053846154 105 84 96.6153846153846 16 4 9.66153846153846 8.04296875 7.07421875 7.58353365384615 0.758353365384615 circle5_row5
8 11 1 10 11 0.2 17.610299 12.238186 15.3415030769231 118 104 108.769230769231 16 5 9.88811188811189 9.52734375 8.30859375 8.78966346153846 0.799060314685315 circle5_row6
9 12 1 11 12 0.181818 20.640823 15.728345 18.2294473076923 139 115 126.615384615385 18 5 10.5512820512821 12.03515625 9.64453125 10.6138822115385 0.884490184294872 circle5_row7
10 13 1 12 13 0.166667 20.83661 17.431993 18.9356903846154 160 119 140.384615384615 20 5 10.7988165680473 14.8125 10.57421875 12.2596153846154 0.943047337278107 circle5_row8
11 14 1 13 14 0.153846 23.856387 14.824712 19.1049816153846 181 144 159.153846153846 21 5 11.3681318681319 17.1875 12.625 14.6024639423077 1.04303313873626 circle5_row9
5 8 1 7 8 0.285714 14.091365 9.128649 11.5331735384615 74 61 69.3846153846154 12 5 8.67307692307692 5.61328125 4.89453125 5.35787259615385 0.669734074519231 circle6_row2
6 9 1 8 9 0.25 15.049748 9.171984 12.2594617692308 93 77 84.7692307692308 14 6 9.41880341880342 7.10546875 5.9609375 6.68449519230769 0.742721688034188 circle6_row3
7 10 1 9 10 0.222222 15.744173 10.515673 12.6066811538462 106 89 95.6153846153846 14 4 9.56153846153846 8.1171875 7.1953125 7.66796875 0.766796875 circle6_row4
8 11 1 10 11 0.2 16.444411 10.819883 13.487157 124 94 112.307692307692 16 5 10.2097902097902 10.41796875 8.0546875 9.03395432692308 0.821268575174825 circle6_row5
9 12 1 11 12 0.181818 19.710295 14.681114 16.7788182307692 145 123 134.076923076923 19 6 11.1730769230769 12.66796875 10.07421875 11.0603966346154 0.921699719551282 circle6_row6
10 13 1 12 13 0.166667 20.79197 14.876884 17.9674124615385 160 138 150.384615384615 19 6 11.5680473372781 14.43359375 11.578125 12.9642427884615 0.997249445266272 circle6_row7
11 14 1 13 14 0.153846 19.802965 14.88632 17.172812 178 146 158.461538461538 20 6 11.3186813186813 16.03515625 12.5703125 13.6493389423077 0.974952781593406 circle6_row8
12 15 1 14 15 0.142857 22.980213 17.649769 19.6378548461539 195 160 178.153846153846 19 6 11.8769230769231 19.140625 14.23828125 16.9705528846154 1.13137019230769 circle6_row9
5 9 1 8 9 0.25 14.105534 10.40466 12.4317528461538 89 75 82.2307692307692 13 6 9.13675213675214 7.0390625 6.2890625 6.63822115384615 0.737580128205128 circle7_row2
6 10 1 9 10 0.222222 13.51085 10.592578 12.4929592307692 103 86 94.4615384615385 14 4 9.44615384615385 8.21875 7.00390625 7.69050480769231 0.769050480769231 circle7_row3
7 11 1 10 11 0.2 18.584775 11.315314 14.0996250769231 117 99 112.230769230769 15 5 10.2027972027972 9.7109375 8.6796875 9.16225961538461 0.832932692307692 circle7_row4
8 12 1 11 12 0.181818 13.908415 13.908415 13.908415 132 132 132 15 7 11 10.86328125 10.86328125 10.86328125 0.9052734375 circle7_row5
9 13 1 12 13 0.166667 19.811807 13.785044 16.569563 159 125 142.076923076923 17 5 10.9289940828402 14.16796875 11.11328125 12.3290264423077 0.948386649408284 circle7_row6
11 15 1 14 15 0.142857 19.905428 15.015354 17.8487493846154 192 145 171.846153846154 18 6 11.4564102564103 18.96484375 13.5546875 15.9185697115385 1.06123798076923 circle7_row8
12 16 1 15 16 0.133333 23.396089 15.438913 19.7475603076923 215 168 195.230769230769 20 6 12.2019230769231 22.0703125 15.671875 18.9390024038462 1.18368765024038 circle7_row9
10 14 1 13 14 0.153846 19.912604 16.100477 17.5841436153846 184 147 156.307692307692 17 6 11.1648351648352 18.4453125 13.24609375 14.1829927884615 1.01307091346154 circle8_row6
11 15 1 14 15 0.142857 22.02471 14.512913 18.5452378461538 189 154 175.076923076923 17 7 11.6717948717949 19.05078125 14.5859375 16.4402043269231 1.09601362179487 circle8_row7
12 16 1 15 16 0.133333 21.357579 16.303599 19.3158142307692 219 179 198.076923076923 18 7 12.3798076923077 21.171875 16.16015625 19.5027043269231 1.21891902043269 circle8_row8
13 17 1 16 17 0.125 20.936956 18.098137 19.3618030769231 233 187 213.538461538462 19 7 12.5610859728507 23.37890625 17.77734375 20.7445913461538 1.22027007918552 circle8_row9
10 15 1 14 15 0.142857 20.180089 14.009235 16.8997549166667 186 149 166.416666666667 17 6 11.0944444444445 18.68359375 13.93359375 16.1103515625 1.0740234375 circle9_row6
11 16 1 15 16 0.133333 19.262161 13.273053 17.486793 196 168 186.307692307692 17 6 11.6442307692308 19.859375 16.7734375 18.0171274038462 1.12607046274038 circle9_row7
12 17 1 16 17 0.125 22.457039 16.729708 19.9574682307692 239 173 216.615384615385 19 6 12.7420814479638 24.83203125 17.37890625 22.0366586538462 1.29627403846154 circle9_row8
13 18 1 17 18 0.117647 29.996029 18.380719 23.1756599230769 304 226 259.769230769231 22 7 14.4316239316239 32.53515625 21.890625 27.29296875 1.51627604166667 circle9_row9
2 15 0 15 28 0.266667 13.417655 8.28768 10.272292 361 269 309.846153846154 16 7 11.0659340659341 62.6484375 56.38671875 59.1628605769231 2.11295930631868 connectedstar2_15
2 20 0 20 38 0.2 16.195803 12.21016 13.6045760769231 585 503 552 19 11 14.5263157894737 111.1875 100.6015625 107.081730769231 2.81794028340081 connectedstar2_20
2 25 0 25 48 0.16 17.186368 13.257273 15.2432773076923 773 638 714.076923076923 22 6 14.8766025641026 163.03515625 148.78515625 158.335036057692 3.29864658453526 connectedstar2_25
2 30 0 30 58 0.133333 15.375656 9.310635 12.8049680769231 959 709 852.769230769231 23 4 14.7029177718833 217.078125 191.12109375 210.393028846154 3.62746601458886 connectedstar2_30
2 35 0 35 68 0.114286 19.463901 13.427617 17.3246253076923 1327 1119 1192.92307692308 32 7 17.5429864253394 345.609375 278.3046875 299.954627403846 4.41109746182127 connectedstar2_35
2 40 0 40 78 0.1 20.571557 10.565644 15.9326133076923 1484 1176 1301.30769230769 29 8 16.6834319526627 444.421875 342.62890625 366.289362980769 4.69601747411243 connectedstar2_40
2 50 0 50 98 0.08 20.515321 11.255979 17.1099567692308 2302 1380 1822.30769230769 38 7 18.5949764521193 735.84375 414.765625 544.065504807692 5.55168882456829 connectedstar2_50
8 30 0 30 40 0.091954 24.475854 19.408715 21.9230115384615 826 652 737.076923076923 27 12 18.4269230769231 179.07421875 130.3984375 156.693509615385 3.91733774038462 crown10
8 33 0 33 44 0.0833333 25.46379 18.387479 22.8444560769231 960 761 882.769230769231 27 11 20.0629370629371 208.84375 175.24609375 191.748197115385 4.35791357080419 crown11
9 36 0 36 48 0.0761905 26.748282 21.556038 23.5830651538462 1042 887 966.923076923077 26 13 20.1442307692308 244.87109375 208.98828125 230.004507211538 4.79176056690705 crown12
9 39 0 39 52 0.0701754 30.562638 23.985093 26.8010092307692 1306 1098 1156.92307692308 32 16 22.2485207100592 309.484375 269.76953125 282.475961538462 5.4322300295858 crown13
10 42 0 42 56 0.0650407 30.489859 22.383886 26.4918617692308 1628 1216 1356.30769230769 38 17 24.2197802197802 326.8046875 272.1015625 297.064603365385 5.30472506009615 crown14
10 45 0 45 60 0.0606061 31.060594 20.532091 25.6530186153846 1735 1274 1487 36 17 24.7833333333333 393.8671875 285.8671875 331.9375 5.53229166666667 crown15
11 48 0 48 64 0.0567376 31.491272 23.571997 27.4456086923077 1809 1514 1683.07692307692 36 18 26.2980769230769 435.90234375 357.546875 389.649939903846 6.0882803109976 crown16
3 9 0 9 12 0.333333 11.680072 8.021215 9.86389784615385 121 93 111.538461538462 12 5 9.29487179487179 12.5703125 9.80078125 11.71875 0.976562499999999 crown3
4 12 0 12 16 0.242424 15.85033 10.568698 13.1667113846154 197 142 173.615384615385 16 7 10.8509615384615 21.90625 18.65625 20.8055889423077 1.30034930889423 crown4
5 15 0 15 20 0.190476 17.679814 11.446203 14.4488138461538 262 201 236.307692307692 18 7 11.8153846153846 33.140625 30.421875 32.1201923076923 1.60600961538462 crown5
6 18 0 18 24 0.156863 16.304335 13.100355 14.8665156923077 329 267 296.307692307692 20 7 12.3461538461538 49.25390625 42.8359375 44.6487379807692 1.86036408253205 crown6
6 21 0 21 28 0.133333 18.92367 12.849657 16.5597426923077 391 334 364.307692307692 18 8 13.010989010989 67.87890625 56.42578125 61.8368389423077 2.20845853365385 crown7
7 24 0 24 32 0.115942 21.94621 16.053938 19.166934 531 426 488 23 10 15.25 104.20703125 75.51953125 90.9546274038462 2.84233210637019 crown8
7 27 0 27 36 0.102564 22.292887 18.004161 20.2302343846154 643 556 608.153846153846 23 10 16.8931623931624 132.34765625 102.40234375 117.983173076923 3.27731036324786 crown9
7 24 0 24 30 0.108696 19.035827 14.845432 17.4106386153846 460 360 401.538461538462 21 8 13.3846153846154 94.8828125 72.55859375 78.7605168269231 2.62535056089744 hex24
5 12 0 12 16 0.242424 16.044308 11.108124 12.9100026153846 208 158 173.461538461538 17 8 10.8413461538462 20.58203125 17.453125 19.0414663461538 1.19009164663462 internet2
1 3 0 3 3 1 7.007934 2.034288 4.95181088888889 15 15 15 6 4 5 0.80078125 0.76171875 0.774739583333333 0.258246527777778 mesh03
1 4 0 4 6 1 8.005448 2.008369 5.63722181578947 44 26 30.6052631578947 9 5 5.55175438596491 3.2109375 1.6328125 2.05581825657895 0.371426123903509 mesh04
2 4 0 4 5 0.833333 8.005448 3.997905 5.5631435 28 26 27.0555555555556 6 5 5.41111111111111 1.8515625 1.6328125 1.72439236111111 0.344878472222222 mesh04-1
1 5 0 5 10 1 10.018114 2.995903 5.66426202631579 69 49 53.6052631578947 9 5 5.65029239766082 6.84375 4.265625 5.10752467105263 0.537911184210526 mesh05
2 5 0 5 9 0.9 10.018114 3.011458 5.50744677777778 69 49 52.3333333333333 9 5 5.81481481481481 6.84375 4.265625 4.90256076388889 0.544728973765432 mesh05-1
1 6 0 6 15 1 11.019978 2.9967 6.49527978947368 125 72 86.3421052631579 11 5 5.97593984962406 17.44140625 9.51171875 11.9046052631579 0.824578046679198 mesh06
2 6 0 6 14 0.933333 10.022942 4.018088 7.57753733333333 112 72 87.7777777777778 10 5 6.26984126984127 16.6640625 9.51171875 12.3871527777778 0.884796626984128 mesh06-1
1 7 0 7 21 1 10.068835 2.026682 5.23375281578947 167 106 116.052631578947 10 5 5.6640350877193 35.58984375 17.59765625 20.4487047697368 0.997019893483709 mesh07
2 7 0 7 20 0.952381 7.004619 3.027737 4.57604422222222 122 106 109.833333333333 7 5 5.49166666666667 19.5234375 17.59765625 18.5451388888889 0.927256944444445 mesh07-1
1 8 0 8 28 1 14.029368 2.016851 6.66266534210526 266 142 178.078947368421 11 5 6.48249094959621 66.3984375 31.05859375 41.9434621710526 1.52669298028056 mesh08
2 8 0 8 27 0.964286 9.067967 3.004842 6.58120616666667 230 142 174.722222222222 11 5 6.47119341563786 57.796875 31.05859375 40.7834201388889 1.51049704218107 mesh08-1
1 9 0 9 36 1 13.045258 2.013471 6.70214713157895 449 220 270.052631578947 15 5 7.6016081871345 114.33984375 52.6015625 67.3793174342105 1.89649865222953 mesh09
2 9 0 9 35 0.972222 9.102883 2.013471 5.96646188888889 358 220 246.5 12 5 7.04285714285714 94.65234375 52.6015625 60.8921440972222 1.73977554563492 mesh09-1
1 10 0 10 45 1 10.109178 2.037565 5.71906865789474 552 306 341.973684210526 14 5 7.68685539606592 165.19921875 81.06640625 93.3156866776316 2.09762130972554 mesh10
2 10 0 10 44 0.977778 7.142202 2.037565 4.87084961111111 552 306 334.833333333333 14 5 7.60984848484848 165.19921875 81.06640625 90.8888888888889 2.06565656565657 mesh10-1
1 11 0 11 55 1 15.078852 3.019267 6.59604365789474 816 396 512.5 17 5 9.39974304447989 268.29296875 119.54296875 161.183696546053 2.95618759552764 mesh11
2 11 0 11 54 0.981818 15.078852 3.019267 7.27921638888889 797 396 511.388888888889 17 5 9.47016460905351 263.421875 119.54296875 160.354817708333 2.96953366126543 mesh11-1
1 12 0 12 66 1 8.147517 2.003599 4.90284592857143 997 551 609.107142857143 18 5 9.32673992673992 340.90234375 171.41796875 194.1259765625 2.97250028617216 mesh12
2 12 0 12 65 0.984848 8.147517 2.003599 4.59609788888889 997 551 597.555555555556 18 5 9.19316239316239 340.90234375 171.41796875 189.253038194444 2.91158520299145 mesh12-1
1 13 0 13 78 1 11.118379 2.185041 5.950888 1552 683 821.5 23 5 10.5930920930921 532.93359375 230.17578125 289.020399305556 3.72704205516705 mesh13
2 13 0 13 77 0.987179 7.039375 2.185041 4.685178375 829 683 736.75 15 5 9.56818181818182 317.72265625 234.8203125 262.33251953125 3.40691583806818 mesh13-1
1 14 0 14 91 1 11.042047 4.071472 7.437569375 2025 955 1392.75 25 7 15.3049450549451 749.51171875 342.6953125 512.9619140625 5.63694411057692 mesh14
6 12 3 9 15 0.227273 15.486716 10.396233 12.5463509230769 144 126 137.307692307692 13 4 9.15384615384616 17.046875 16.07421875 16.6841947115385 1.1122796474359 random12_15_6_1
6 12 4 8 15 0.227273 13.52132 8.240056 11.2742565384615 141 110 123.923076923077 13 4 8.26153846153846 17.1015625 14.765625 16.25390625 1.08359375 random12_15_6_2
6 12 1 11 15 0.227273 15.341961 8.324486 12.467045 169 146 162.230769230769 14 7 10.8153846153846 17.25390625 16.14453125 16.8831129807692 1.12554086538462 random12_15_6_3
4 11 1 10 15 0.272727 15.765374 11.394448 13.7111306153846 167 143 155.923076923077 14 6 10.3948717948718 17.93359375 16.75390625 17.5408653846154 1.16939102564103 random13_15_1
4 12 5 7 15 0.227273 17.876358 11.134399 14.581057 159 125 146.923076923077 14 4 9.79487179487179 17.56640625 15.44921875 16.7277644230769 1.11518429487179 random13_15_2
4 12 3 9 15 0.227273 16.751656 10.676231 13.7349683076923 155 124 142.538461538462 14 6 9.5025641025641 17.6015625 15.73046875 17.1150841346154 1.14100560897436 random13_15_3
6 13 4 9 15 0.192308 19.843418 12.837894 15.5764246923077 193 123 160 17 6 10.6666666666667 21.03125 13.6875 16.4738581730769 1.09825721153846 random13_15_6_1
6 13 3 10 15 0.192308 18.37217 12.819554 15.4484650769231 179 148 161.153846153846 17 6 10.7435897435898 19.20703125 15.44140625 16.6511418269231 1.11007612179487 random13_15_6_2
6 13 5 8 15 0.192308 15.49674 9.077554 12.5639703846154 144 120 132.384615384615 14 5 8.82564102564102 15.3125 14.0625 14.8100961538462 0.987339743589743 random13_15_6_3
4 12 4 8 15 0.227273 14.75626 10.237225 12.7386996923077 160 125 135.692307692308 14 6 9.04615384615385 17.24609375 15.46875 16.2971754807692 1.08647836538461 random14_15_1
4 12 3 9 15 0.227273 15.59802 10.538774 12.5862898461538 147 112 135 15 4 9 16.3125 14.7109375 15.8128004807692 1.05418669871795 random14_15_2
4 12 3 9 15 0.227273 15.841471 11.638019 13.3608122307692 160 126 137.538461538462 14 5 9.16923076923077 16.8359375 14.49609375 15.8335336538462 1.05556891025641 random14_15_3
6 14 5 9 15 0.164835 14.606508 10.569921 12.3424733076923 149 125 136.923076923077 15 4 9.12820512820513 15.31640625 13.58203125 14.5763221153846 0.971754807692308 random14_15_6_1
6 14 4 10 15 0.164835 17.69112 12.070136 15.1521036153846 183 134 155.076923076923 16 6 10.3384615384615 18.05078125 14.5390625 15.8873197115385 1.0591546474359 random14_15_6_2
6 14 4 10 15 0.164835 14.64716 9.440081 12.4090451538462 148 112 134.307692307692 14 5 8.95384615384615 15.171875 11.72265625 14.3894230769231 0.959294871794871 random14_15_6_3
4 15 1 14 30 0.285714 16.828252 11.036323 14.0306353076923 394 347 370.153846153846 19 7 12.3384615384615 77.359375 71.55078125 73.1959134615385 2.43986378205128 random15_30_2
3 14 0 14 30 0.32967 15.143909 10.094536 13.4027529230769 398 309 359.923076923077 17 7 11.9974358974359 77.765625 70.9609375 73.8963341346154 2.46321113782051 random15_30_3_1
3 14 1 13 30 0.32967 15.087677 11.291482 13.6001969230769 366 297 343.461538461538 15 6 11.448717948718 78.4296875 68.3828125 74.0024038461538 2.46674679487179 random15_30_3_2
3 15 1 14 30 0.285714 13.900275 9.138377 11.391167 361 298 325.923076923077 14 7 10.8641025641026 73.5859375 65.34765625 70.2767427884615 2.34255809294872 random15_30_3_3
4 15 1 14 30 0.285714 15.863659 12.703607 14.3668813846154 372 338 355.923076923077 16 8 11.8641025641026 76.46484375 71.7421875 73.2815504807692 2.44271834935897 random15_30_4_1
4 15 2 13 30 0.285714 16.395347 11.404412 13.5884000769231 398 307 346.692307692308 18 7 11.5564102564103 77.359375 70.31640625 73.640625 2.4546875 random15_30_4_2
4 14 2 12 30 0.32967 15.734316 10.588672 12.6398137692308 360 307 341.923076923077 16 6 11.3974358974359 79.28515625 75.1796875 77.4654447115385 2.58218149038462 random15_30_4_3
3 15 0 15 40 0.380952 15.219533 10.272571 12.7098274615385 586 485 546.461538461538 18 9 13.6615384615385 146.24609375 134.00390625 138.993990384615 3.47484975961538 random15_40_3_1
3 15 0 15 40 0.380952 14.127539 10.177757 11.848485 600 534 568.363636363636 18 10 14.2090909090909 143.1796875 134.87109375 137.851917613636 3.44629794034091 random15_40_3_2
3 15 0 15 40 0.380952 15.766013 9.96035 13.0311080769231 591 515 552.923076923077 21 9 13.8230769230769 138.52734375 128.2890625 133.362079326923 3.33405198317308 random15_40_3_3
2 15 0 15 50 0.47619 15.164939 9.22234 12.1768693333333 774 661 717.333333333333 19 10 14.3466666666667 231.83984375 211.42578125 217.353190104167 4.34706380208333 random15_50_2_1
2 15 0 15 50 0.47619 14.285401 8.933741 11.1093543076923 780 660 709.230769230769 18 10 14.1846153846154 220.7421875 199.6484375 211.918569711538 4.23837139423077 random15_50_2_2
2 15 0 15 50 0.47619 12.238813 10.154045 11.2088359230769 722 654 694 19 10 13.88 227.17578125 201.26171875 211.347956730769 4.22695913461538 random15_50_2_3
3 15 1 14 50 0.47619 16.808949 9.820518 12.9238730769231 785 627 713.538461538462 19 6 14.2707692307692 219.2265625 195.921875 209.928786057692 4.19857572115385 random15_50_3_1
3 15 1 14 50 0.47619 13.996885 9.217764 11.2570609230769 760 660 712.615384615385 20 7 14.2523076923077 219.90234375 190.44921875 214.244891826923 4.28489783653846 random15_50_3_2
3 15 0 15 50 0.47619 15.253777 9.493265 12.7010306923077 799 615 717.769230769231 19 5 14.3553846153846 226.43359375 176.19140625 213.94921875 4.278984375 random15_50_3_3
6 24 8 16 30 0.108696 19.82917 13.113665 17.1035537692308 392 317 348.923076923077 18 5 11.6307692307693 68.3515625 53.61328125 58.3046875 1.94348958333333 random24_30_6_1
6 24 10 14 30 0.108696 20.426481 15.169492 17.8471071538462 441 288 361.307692307692 22 6 12.0435897435897 73.26171875 54.64453125 60.9152644230769 2.03050881410257 random24_30_6_2
6 24 9 15 30 0.108696 21.774331 15.956473 18.7455393846154 428 338 379 19 6 12.6333333333333 77.125 54.6484375 64.4579326923077 2.14859775641026 random24_30_6_3
6 24 5 19 35 0.126812 17.657311 13.999342 16.0992045384615 483 399 452.307692307692 19 7 12.9230769230769 91.6953125 83.55859375 87.1123798076923 2.48892513736264 random24_35_6_1
6 24 3 21 35 0.126812 19.697929 14.026759 16.7126523076923 488 394 443.538461538462 20 6 12.6725274725275 95.25 78.81640625 84.3759014423077 2.41074004120879 random24_35_6_2
6 24 2 22 35 0.126812 20.370471 15.815406 18.3613343076923 547 432 482.538461538462 21 7 13.7868131868132 106.0625 82.75 91.4525240384615 2.61292925824176 random24_35_6_3
6 24 4 20 40 0.144928 18.636292 13.557439 16.2315481538462 605 465 552.923076923077 20 6 13.8230769230769 141.38671875 111.19140625 124.029146634615 3.10072866586538 random24_40_6_1
6 24 5 19 40 0.144928 20.873567 12.836549 16.2592227692308 653 500 571.615384615385 23 6 14.2903846153846 137.41796875 115.95703125 124.118990384615 3.10297475961538 random24_40_6_2
6 24 5 19 40 0.144928 20.136521 14.268688 17.0889885384615 710 519 573.153846153846 23 7 14.3288461538462 157.8125 115.75390625 125.923377403846 3.14808443509615 random24_40_6_3
3 25 2 23 100 0.333333 16.371052 11.350588 13.7281826153846 2555 2201 2397.76923076923 30 12 23.9776923076923 897.08203125 830.1328125 846.467247596154 8.46467247596154 random25_100
4 25 3 22 50 0.166667 17.059394 11.250615 14.4362902307692 845 718 788.615384615385 21 7 15.7723076923077 203.69140625 184.4296875 191.272836538462 3.82545673076923 random25_50
4 24 3 21 55 0.199275 16.267471 9.285285 13.5364102307692 883 709 816.846153846154 20 7 14.8517482517482 255.484375 220.7109375 236.468449519231 4.2994263548951 random25_55
4 23 1 22 65 0.256917 16.003401 10.158422 12.9868889230769 1228 1075 1150 23 11 17.6923076923077 356.04296875 334.08984375 341.799879807692 5.25845968934911 random25_65
4 25 1 24 75 0.25 14.245682 11.231905 12.8602851538462 1562 1368 1417.76923076923 25 9 18.9035897435897 487.0859375 451.95703125 462.548978365385 6.16731971153846 random25_75
3 25 1 24 85 0.283333 15.181334 11.142499 13.0866329230769 1921 1730 1789.46153846154 27 13 21.0524886877828 614.328125 592.734375 600.387319711538 7.06338023190045 random25_85
4 25 1 24 95 0.316667 14.30898 8.213369 11.5349689230769 2455 2091 2182.92307692308 30 13 22.9781376518219 813.9453125 743.03515625 759.6796875 7.99662828947368 random25_95
3 30 0 30 100 0.229885 15.295332 10.379072 12.0307453846154 2406 2196 2332.30769230769 28 17 23.3230769230769 863.1875 806.90234375 820.704627403846 8.20704627403846 random30_100
10 26 9 17 30 0.0923077 22.710097 16.726625 19.2876233076923 411 324 361.615384615385 20 6 12.0538461538462 74.5625 50.890625 61.9510216346154 2.06503405448718 random30_30_10_1
11 24 6 18 30 0.108696 24.177542 14.264519 20.2164307692308 464 310 400.769230769231 23 6 13.3589743589744 77.546875 53.84765625 67.9341947115385 2.26447315705128 random30_30_11_1
11 27 9 18 30 0.0854701 21.698422 18.750243 20.4131606923077 432 361 394 22 7 13.1333333333333 76.78125 53.62109375 65.7154447115385 2.19051482371795 random30_30_11_2
11 27 10 17 30 0.0854701 20.801642 15.878444 18.5073325833333 380 315 354.416666666667 18 2 11.8138888888889 57.5 44.4921875 51.3538411458333 1.71179470486111 random30_30_11_3
11 29 10 19 30 0.0738916 23.354629 19.30349 21.3550641538462 429 338 385.692307692308 21 6 12.8564102564103 66.37109375 51.0859375 58.9068509615385 1.96356169871795 random30_30_11_4
5 21 8 13 30 0.142857 15.607488 10.737544 13.4040430769231 372 305 329.846153846154 16 5 10.9948717948718 67.0546875 61.70703125 64.0862379807692 2.13620793269231 random30_30_5_1
5 22 5 17 30 0.12987 19.327355 13.185047 15.6885054615385 364 319 339.846153846154 17 7 11.3282051282051 61.94140625 58.4296875 60.2115384615385 2.00705128205128 random30_30_5_2
5 22 7 15 30 0.12987 18.519106 14.016977 16.5519612307692 360 273 324.153846153846 17 5 10.8051282051282 69.640625 58.0390625 61.9206730769231 2.06402243589744 random30_30_5_3
6 24 8 16 30 0.108696 18.803451 14.643904 16.2394513846154 376 290 340.230769230769 18 2 11.3410256410256 67.046875 53.046875 57.98046875 1.93268229166667 random30_30_6_1
7 23 4 19 30 0.118577 19.54746 15.376472 17.0767461538462 409 327 366.307692307692 19 6 12.2102564102564 73.41015625 57.0859375 64.7418870192308 2.15806290064102 random30_30_7_1
7 23 5 18 30 0.118577 19.643947 14.708906 17.4397067692308 448 359 388.307692307692 19 7 12.9435897435897 80.9609375 61.84375 67.0414663461538 2.2347155448718 random30_30_7_2
7 25 7 18 30 0.1 20.294993 15.836113 18.1936163076923 400 315 348.923076923077 19 2 11.6307692307692 68.859375 51.484375 58.3046875 1.94348958333333 random30_30_7_3
7 22 8 14 30 0.12987 21.319333 13.743633 17.2684776923077 391 309 356.538461538462 20 6 11.8846153846154 69.42578125 55.984375 61.2920673076923 2.04306891025641 random30_30_7_4
8 25 7 18 30 0.1 22.363082 17.034952 20.4101596923077 502 327 423.923076923077 21 6 14.1307692307692 79.0390625 53.98828125 69.8341346153846 2.32780448717949 random30_30_8_1
5 23 11 12 30 0.118577 16.106528 12.960624 14.6280394615385 348 286 310.153846153846 16 2 10.3384615384615 61.34375 56.53125 59.0763221153846 1.96921073717949 random30_30_8_2
8 25 7 18 30 0.1 20.920923 16.121066 18.7204576923077 416 297 361.307692307692 18 6 12.0435897435897 71.7890625 48.5 60.0438701923077 2.00146233974359 random30_30_8_3
8 25 7 18 30 0.1 21.173264 17.334126 19.3807826923077 434 349 377.307692307692 20 7 12.5769230769231 73.31640625 55.96484375 61.3296274038462 2.04432091346154 random30_30_8_4
9 27 11 16 30 0.0854701 19.150379 12.533062 15.9745314615385 332 246 295.230769230769 15 5 9.84102564102565 57.171875 42.94140625 48.6685697115385 1.62228565705128 random30_30_9_1
9 27 12 15 30 0.0854701 19.065888 13.824338 16.3194916923077 346 286 313.538461538462 16 2 10.451282051282 58.2109375 49 51.29296875 1.709765625 random30_30_9_2
9 27 9 18 30 0.0854701 20.44055 15.015738 18.4315444615385 437 302 337.846153846154 18 6 11.2615384615385 72.3671875 49.22265625 54.0222355769231 1.80074118589744 random30_30_9_3
9 26 7 19 30 0.0923077 21.890248 17.301388 18.9822306153846 423 339 372 21 7 12.4 74.078125 53.703125 60.2683293269231 2.00894431089744 random30_30_9_4
5 28 5 23 55 0.145503 17.368767 11.388118 14.6788856153846 1018 729 874.769230769231 24 8 15.9048951048951 275.3671875 213.015625 230.111478365385 4.18384506118881 random30_55
4 29 3 26 65 0.160099 17.250326 12.353934 14.8447507692308 1361 1143 1208.07692307692 26 10 18.585798816568 413.703125 318.8046875 339.265324519231 5.21946653106509 random30_65
4 28 2 26 75 0.198413 16.377704 11.118365 13.4976521538462 1561 1357 1450.61538461538 28 10 19.3415384615385 472.70703125 435.453125 451.933293269231 6.02577724358974 random30_75
4 29 0 29 85 0.20936 15.514085 11.249933 12.9241704615385 1975 1557 1790.76923076923 28 14 21.0678733031674 620.8984375 573.16796875 595.456730769231 7.00537330316742 random30_85
3 30 1 29 95 0.218391 17.419934 12.091238 14.0510231538462 2555 2029 2143.30769230769 31 10 22.5611336032389 987.71484375 710.6328125 752.408052884615 7.92008476720648 random30_95
4 35 2 33 100 0.168067 18.254664 12.212308 15.2576061538462 2573 2249 2417.07692307692 33 13 24.1707692307692 937.41796875 773.47265625 809.456430288462 8.09456430288462 random35_100
6 30 7 23 55 0.126437 19.386765 13.231561 16.6472442307692 1047 816 908.615384615385 24 2 16.5202797202797 299.046875 209.9140625 226.048978365385 4.10998142482517 random35_55
5 31 5 26 75 0.16129 18.2137 10.492101 13.700068 1540 1245 1407.30769230769 28 8 18.7641025641026 537.9140625 422.12890625 451.912560096154 6.02550080128205 random35_75
4 33 2 31 85 0.160985 18.429831 12.34134 15.2961294615385 2084 1677 1843.30769230769 35 11 21.6859728506787 710.1875 549.22265625 599.30859375 7.05068933823529 random35_85
4 35 2 33 95 0.159664 17.247864 12.298645 15.0428053076923 2672 2089 2289.76923076923 35 13 24.1028340080972 973.08984375 704.96875 754.770432692308 7.94495192307692 random35_95
10 49 15 34 60 0.0510204 24.05332 18.647844 21.5339395384615 1271 942 1117.07692307692 28 2 18.6179487179487 303.95703125 207.2109375 274.24609375 4.57076822916667 random50_60_10_1
6 41 11 30 60 0.0731707 20.503235 13.259868 16.7622644615385 1164 808 972.461538461538 27 9 16.2076923076923 320.57421875 229.5078125 257.2734375 4.287890625 random50_60_6_1
6 42 12 30 60 0.0696864 22.519717 17.732302 19.5717219230769 1355 968 1143.69230769231 31 10 19.0615384615385 343.2421875 233.0546875 283.935997596154 4.73226662660256 random50_60_6_2
7 43 15 28 60 0.0664452 20.391952 15.310495 17.7533987692308 1157 800 964.384615384615 26 2 16.0730769230769 306.44921875 203.96484375 237.659555288462 3.96099258814103 random50_60_7_1
7 44 16 28 60 0.0634249 21.189121 16.125957 18.4225115384615 1281 814 1023.15384615385 29 2 17.0525641025641 341.53515625 203.69921875 257.359675480769 4.28932792467949 random50_60_7_2
7 44 15 29 60 0.0634249 21.172785 16.353829 19.1042743846154 1350 928 1101.84615384615 29 2 18.3641025641026 335.05859375 232.00390625 277.557692307692 4.62596153846154 random50_60_7_3
8 44 10 34 60 0.0634249 22.359634 15.329449 19.1574046923077 1281 819 1042.61538461538 27 2 17.3769230769231 319.11328125 191.98046875 253.209735576923 4.22016225961538 random50_60_8_1
8 41 10 31 60 0.0731707 21.007517 16.872436 19.210406 1215 901 1109.30769230769 29 10 18.4884615384615 324.9609375 236.578125 285.206730769231 4.75344551282051 random50_60_8_2
8 44 12 32 60 0.0634249 23.912407 18.279837 20.4899474615385 1244 927 1112.76923076923 31 2 18.5461538461538 310.16796875 216.5859375 275.809194711538 4.59681991185897 random50_60_8_3
9 45 13 32 60 0.0606061 23.724725 17.821773 20.6412383846154 1224 914 1086.69230769231 27 2 18.1115384615385 308.890625 224.15234375 273.736778846154 4.5622796474359 random50_60_9_1
9 43 12 31 60 0.0664452 23.734589 17.524377 20.2765284615385 1296 1041 1177.76923076923 31 8 19.6294871794872 318.3828125 234.38671875 288.430889423077 4.80718149038462 random50_60_9_2
9 43 10 33 60 0.0664452 25.702809 18.252326 21.3368523846154 1356 970 1203.38461538462 31 10 20.0564102564103 339.26953125 233.21875 307.491586538462 5.12485977564103 random50_60_9_3
7 45 9 36 70 0.0707071 21.596533 16.181436 18.7957535384615 1740 1220 1397.07692307692 31 9 19.9582417582418 498.57421875 331.58203125 380.942307692308 5.44203296703297 random50_70_7_1
7 45 10 35 70 0.0707071 19.82725 16.687124 18.301048 1574 1139 1348.76923076923 31 10 19.2681318681319 432.0078125 314.52734375 371.907151442308 5.31295930631868 random50_70_7_2
7 45 11 34 70 0.0707071 20.881581 13.828941 18.3768533076923 1617 1133 1326.15384615385 31 8 18.945054945055 460.4140625 303.55078125 368.958834134615 5.27084048763736 random50_70_7_3
6 43 8 35 80 0.0885936 21.299381 14.408326 17.9720385384615 2048 1430 1694 31 11 21.175 636.8515625 442.1484375 512.733173076923 6.40916466346154 random50_80_6_1
6 44 8 36 80 0.0845666 20.408369 13.639567 17.6998699230769 2065 1487 1727.46153846154 33 12 21.5932692307692 675.2734375 452.3984375 502.770733173077 6.28463416466346 random50_80_6_2
6 44 9 35 80 0.0845666 19.607655 15.18433 17.7701900769231 1896 1414 1634.07692307692 32 10 20.4259615384615 560.421875 434.01171875 489.825420673077 6.12281775841346 random50_80_6_3
4 9 3 6 10 0.277778 15.269042 9.237864 12.3665424615385 92 79 85.3846153846154 12 5 8.53846153846154 8.16796875 7.390625 7.84104567307692 0.784104567307692 random9_10_1
3 9 4 5 10 0.277778 11.473222 7.466241 9.32937846153846 70 56 63.0769230769231 11 4 6.30769230769231 7.12109375 5.8125 6.63161057692308 0.663161057692308 random9_10_2
5 9 2 7 10 0.277778 16.527489 10.469579 12.8774349230769 103 85 96.3076923076923 13 5 9.63076923076923 8.12109375 6.93359375 7.70462740384615 0.770462740384615 random9_10_3
4 9 2 7 11 0.305556 18.441212 9.499625 14.0239046153846 115 93 104.692307692308 13 5 9.51748251748252 11.2109375 8.86328125 9.79356971153846 0.890324519230769 random9_11_1
4 9 3 6 11 0.305556 14.593084 9.067124 12.5136756153846 103 76 97.8461538461538 13 5 8.89510489510489 9.87890625 7.84375 9.56610576923077 0.869645979020979 random9_11_2
3 9 1 8 11 0.305556 15.333122 10.338526 12.3426794615385 106 87 100.384615384615 14 6 9.12587412587412 9.62890625 8.546875 9.3359375 0.848721590909091 random9_11_3
4 9 1 8 12 0.333333 11.663633 7.664045 10.0856278461538 121 105 109.846153846154 14 5 9.15384615384615 12.08203125 10.34375 11.2001201923077 0.933343349358974 random9_12_1
4 9 1 8 12 0.333333 11.147161 8.694747 10.0391603076923 114 107 111.615384615385 13 5 9.30128205128205 11.87109375 11.54296875 11.7466947115385 0.978891225961538 random9_12_2
3 9 0 9 12 0.333333 14.593762 10.275045 12.5253336153846 130 106 117.846153846154 14 7 9.82051282051282 12.3828125 10.83203125 11.7400841346154 0.978340344551283 random9_12_3
3 9 1 8 14 0.388889 11.603294 8.644871 10.1083279230769 131 108 124.153846153846 12 4 8.86813186813187 16.24609375 14.78125 15.6496394230769 1.11783138736264 random9_14_1
3 9 0 9 14 0.388889 13.086229 8.986251 10.7275246153846 146 109 134.307692307692 12 7 9.59340659340659 16.84765625 12.68359375 16.1682692307692 1.15487637362638 random9_14_2
3 9 1 8 14 0.388889 12.260093 8.335488 10.1626001538462 132 113 115.692307692308 13 5 8.26373626373626 16.9375 14.7421875 15.0606971153846 1.07576407967033 random9_14_3
3 9 0 9 15 0.416667 13.146665 8.667921 10.1496784615385 160 141 146.615384615385 13 7 9.77435897435898 20.00390625 18.91796875 19.2947716346154 1.28631810897436 random9_15_1
3 9 2 7 15 0.416667 14.230061 9.248777 12.4343666923077 148 116 133.461538461538 13 4 8.8974358974359 19.13671875 17.43359375 18.4645432692308 1.23096955128205 random9_15_2
3 9 1 8 15 0.416667 11.571506 8.951807 10.1185833076923 170 107 146.615384615385 15 4 9.77435897435897 19.90234375 13.8125 18.0132211538462 1.20088141025641 random9_15_3
4 6 3 3 5 0.333333 11.370327 7.370007 9.52498569230769 32 26 30.3076923076923 8 4 6.06153846153846 1.984375 1.6328125 1.92367788461538 0.384735576923077 relativerandom10_0.1
6 9 3 6 9 0.25 13.50617 8.456997 11.2424315384615 81 69 74.6153846153846 13 4 8.29059829059829 5.984375 5.4375 5.76622596153846 0.640691773504274 relativerandom10_0.2
3 10 2 8 14 0.311111 14.436056 9.411373 11.6368638461538 143 116 132.153846153846 13 4 9.43956043956044 16 14.7578125 15.4173677884615 1.10124055631868 relativerandom10_0.3
3 10 0 10 18 0.4 11.688223 7.708651 10.1853358461538 179 157 169.076923076923 13 7 9.39316239316239 27.83984375 23.65625 25.9657451923077 1.44254139957265 relativerandom10_0.4
3 10 1 9 23 0.511111 14.249438 10.180141 11.6285560769231 245 193 227.461538461538 15 6 9.88963210702341 46.25 43.12109375 45.2106370192308 1.96567987040134 relativerandom10_0.5
2 10 0 10 27 0.6 11.719841 7.730043 10.368381 282 234 263.846153846154 13 6 9.77207977207977 64.796875 59.51953125 62.4984975961538 2.31475917022792 relativerandom10_0.6
2 10 0 10 31 0.688889 13.529534 9.69634 10.819234 373 303 341.230769230769 15 8 11.0074441687345 86.17578125 78.66796875 81.4762620192308 2.62826651674938 relativerandom10_0.7
2 10 0 10 36 0.8 11.718633 8.724618 10.0806540769231 457 382 425.923076923077 16 8 11.8311965811966 114.92578125 105.375 110.173076923077 3.06036324786325 relativerandom10_0.8
2 10 0 10 41 0.911111 11.690492 8.25864 10.072369 570 433 513.692307692308 18 8 12.5290806754221 158.30078125 129.48828125 142.881310096154 3.48491000234522 relativerandom10_0.9
3 20 0 20 95 0.5 15.298361 9.341198 12.3197795 2349 1960 2154.5 29 18 22.678947368421 828.640625 760.29296875 794.466796875 8.36280838815789 relativerandom20_0.5
5 21 2 19 30 0.142857 19.247153 13.220613 16.4699149230769 472 349 404 19 8 13.4666666666667 83.00390625 59.2265625 67.5904447115385 2.25301482371795 relativerandom25_0.1
5 24 4 20 60 0.217391 15.300754 10.305392 13.0908368461538 1106 887 1024.76923076923 22 11 17.0794871794872 296.1171875 273.4609375 284.666766826923 4.74444611378205 relativerandom25_0.2
3 25 1 24 90 0.3 14.166767 10.412716 12.6013391538462 2187 1841 1995.92307692308 29 14 22.1769230769231 730.1796875 671.84765625 694.019230769231 7.71132478632479 relativerandom25_0.3
2 3 2 1 2 0.666667 10.024064 0.024649 3.07916883333333 7 6 6.27777777777778 4 3 3.13888888888889 0.35546875 0.3046875 0.318793402777778 0.159396701388889 row03
3 4 2 2 3 0.5 11.019573 3.022523 7.63260916666667 16 12 14.1666666666667 6 4 4.72222222222222 0.8515625 0.609375 0.746527777777778 0.248842592592593 row04
4 5 2 3 4 0.4 9.074152 6.020429 7.63544761111111 25 19 21.2777777777778 7 4 5.31944444444444 1.375 0.984375 1.15321180555556 0.288302951388889 row05
5 6 2 4 5 0.333333 11.070976 6.047208 8.80855788888889 36 27 32.2777777777778 8 4 6.45555555555556 2.04296875 1.46875 1.85720486111111 0.371440972222222 row06
6 7 2 5 6 0.285714 13.03454 7.039588 9.98262144444444 48 37 42.8888888888889 9 5 7.14814814814815 2.84765625 2.03515625 2.59353298611111 0.432255497685185 row07
7 8 2 6 7 0.25 14.045248 7.080406 10.7585634444444 60 50 55.3888888888889 10 5 7.91269841269841 3.69140625 2.87109375 3.47352430555556 0.496217757936508 row08
8 9 2 7 8 0.222222 16.038491 9.063055 12.4850004444444 76 62 69.0555555555556 11 5 8.63194444444444 4.765625 4.19140625 4.48546006944444 0.560682508680556 row09
9 10 2 8 9 0.2 20.037707 14.03648 16.9324476111111 91 75 85.1111111111111 12 5 9.45679012345679 6.1640625 5.078125 5.67404513888889 0.630449459876543 row10
10 11 2 9 10 0.181818 22.04299 14.027365 17.5909222777778 112 87 99.5555555555556 13 6 9.95555555555556 8.40625 6 6.79600694444444 0.679600694444444 row11
11 12 2 10 11 0.166667 24.014829 13.028817 17.1404914444444 132 94 112.611111111111 14 5 10.2373737373737 9.88671875 6.4921875 7.86154513888889 0.714685921717172 row12
12 13 2 11 12 0.153846 23.012499 13.987253 18.4151983888889 164 119 141.611111111111 16 5 11.8009259259259 12.625 8.85546875 10.4431423611111 0.870261863425926 row13
13 14 2 12 13 0.142857 26.035308 15.038366 19.9807742777778 187 127 159.888888888889 16 6 12.2991452991453 14.92578125 9.6328125 12.306640625 0.946664663461539 row14
14 15 2 13 14 0.133333 28.027269 16.021428 21.4233863888889 203 153 178.444444444444 17 6 12.7460317460317 16.51953125 11.73828125 14.2026909722222 1.0144779265873 row15
15 16 2 14 15 0.125 28.008916 16.986122 22.924113 229 171 202.222222222222 18 6 13.4814814814815 19.19921875 12.82421875 16.8728298611111 1.12485532407407 row16
3 5 3 2 4 0.4 8.113968 4.115405 5.81627876923077 16 14 15.8461538461538 4 3 3.96153846153846 0.96875 0.828125 0.957932692307692 0.239483173076923 rowplus1_04
4 6 3 3 5 0.333333 10.05035 3.125526 6.49205346153846 24 20 23.3076923076923 5 3 4.66153846153846 1.53125 1.30859375 1.46304086538462 0.292608173076923 rowplus1_05
5 7 3 4 6 0.285714 11.055252 8.120613 9.26113930769231 34 31 32.3076923076923 7 4 5.38461538461539 2.29296875 2.00390625 2.14242788461538 0.357071314102564 rowplus1_06
6 8 3 5 7 0.25 14.161937 8.160478 10.8238884615385 49 41 45.9230769230769 8 4 6.56043956043956 3.66015625 2.66796875 3.27704326923077 0.468149038461538 rowplus1_07
7 9 3 6 8 0.222222 14.167333 9.122305 11.3053664615385 62 51 58.4615384615385 9 4 7.30769230769231 4.76953125 3.66015625 4.40504807692308 0.550631009615385 rowplus1_08
8 10 3 7 9 0.2 16.192775 11.154615 14.78808 76 67 72.1538461538462 11 5 8.01709401709402 6.02734375 5.609375 5.80198317307692 0.644664797008547 rowplus1_09
9 11 3 8 10 0.181818 20.048718 13.371394 17.1698101538462 91 77 85.7692307692308 12 5 8.57692307692308 7.66796875 6.78125 7.16796875 0.716796875 rowplus1_10
10 12 3 9 11 0.166667 20.146966 15.1752 18.0953021538462 116 98 102.538461538462 13 5 9.32167832167832 10.79296875 8.328125 8.86538461538461 0.805944055944056 rowplus1_11
11 13 3 10 12 0.153846 22.179927 16.277165 19.1960145384615 136 109 119.538461538462 14 5 9.96153846153847 12.98046875 9.60546875 10.66015625 0.888346354166667 rowplus1_12
12 14 3 11 13 0.142857 25.413793 17.221063 20.8797106153846 155 125 141.538461538462 17 5 10.887573964497 15.046875 11.34765625 13.4735576923077 1.0364275147929 rowplus1_13
13 15 3 12 14 0.133333 26.303253 21.066375 23.6364919230769 170 142 161.230769230769 16 5 11.5164835164835 17.08984375 14.359375 16.3365384615385 1.1668956043956 rowplus1_14
14 16 3 13 15 0.125 30.22176 21.17026 26.0804438461538 211 179 192 19 6 12.8 23.546875 18.41015625 20.1917067307692 1.34611378205128 rowplus1_15
4 9 0 9 12 0.333333 14.988213 9.105966 12.3160181538462 138 111 125.230769230769 17 7 10.4358974358974 12.5546875 11.3203125 11.7545072115385 0.979542267628205 square3
6 16 0 16 24 0.2 19.123587 10.191974 14.7019500769231 369 244 310.461538461538 19 8 12.9358974358974 50.76953125 38.46484375 43.734375 1.822265625 square4
8 25 0 25 40 0.133333 21.142049 15.285865 18.2714987692308 760 542 671.153846153846 25 10 16.7788461538462 149.46484375 105.66796875 128.907752403846 3.22269381009615 square5
10 36 0 36 60 0.0952381 23.522337 18.628786 21.1742113846154 1482 1169 1305.84615384615 32 14 21.7641025641026 364.953125 279.94140625 325.091045673077 5.41818409455128 square6
12 49 0 49 84 0.0714286 26.175052 20.113863 22.8642285384615 2530 1967 2253.07692307692 37 17 26.8223443223443 738.3984375 525.4296875 655.869891826923 7.80797490270146 square7
3 6 0 6 7 0.466667 11.363055 7.381893 9.29451392307692 64 50 59.9230769230769 11 6 8.56043956043956 4.9296875 3.92578125 4.63701923076923 0.662431318681319 squarerow2
4 8 0 8 10 0.357143 10.553549 7.56486 9.23015969230769 101 80 91.6153846153846 13 7 9.16153846153846 9.32421875 7.484375 8.77794471153846 0.877794471153846 squarerow3
5 10 0 10 13 0.288889 12.549991 9.042007 10.3839634615385 135 106 121.538461538462 13 6 9.3491124260355 14.74609375 11.6328125 13.7650240384615 1.05884800295858 squarerow4
6 12 0 12 16 0.242424 14.789164 10.158434 11.8716496153846 176 149 163.538461538462 14 6 10.2211538461538 21.8046875 19.14453125 21.2704326923077 1.32940204326923 squarerow5
7 14 0 14 19 0.208791 17.074754 11.768672 14.3859913076923 228 189 209.538461538462 17 7 11.0283400809717 32.88671875 28.40625 30.1283052884615 1.58570027834008 squarerow6
8 16 0 16 22 0.183333 18.892696 12.209217 16.7707404615385 271 236 253.615384615385 15 7 11.527972027972 49.02734375 36.37109375 41.2803485576923 1.8763794798951 squarerow7
9 18 0 18 25 0.163399 18.845511 15.977309 17.5333733076923 318 284 298.461538461538 16 7 11.9384615384615 61.10546875 49.8828125 52.8936298076923 2.11574519230769 squarerow8
10 20 0 20 28 0.147368 22.198066 17.935175 19.7185279230769 401 341 366.846153846154 20 8 13.1016483516484 85.55859375 64.5625 70.85546875 2.53055245535714 squarerow9
4 7 3 4 6 0.285714 10.441755 7.451519 9.16581905555556 37 29 34.7777777777778 7 4 5.79629629629629 2.421875 1.921875 2.38888888888889 0.398148148148148 star04_03
6 10 3 7 9 0.2 11.724655 7.73668 9.87740138888889 67 58 62.7777777777778 8 4 6.97530864197531 5.10546875 4.63671875 4.98155381944444 0.553505979938272 star06_03
8 13 3 10 12 0.153846 15.772864 9.914923 11.7654123333333 100 80 90.7222222222222 10 5 7.56018518518518 8.671875 7.26171875 8.15950520833333 0.679958767361111 star08_03
10 16 3 13 15 0.125 17.223732 11.017223 14.5220558888889 130 112 123.111111111111 11 5 8.20740740740741 12.75 11.3046875 12.0275607638889 0.801837384259259 star10_03
12 19 3 16 18 0.105263 19.194134 13.172288 15.6313865555556 166 151 157.666666666667 12 6 8.75925925925926 18.72265625 14.734375 16.4505208333333 0.913917824074074 star12_03
14 22 3 19 21 0.0909091 23.707192 17.666675 20.5519632777778 244 208 229 15 5 10.9047619047619 31.1328125 23.55078125 27.5533854166667 1.31206597222222 star14_03
4 9 4 5 8 0.222222 11.596233 8.582144 10.0518982307692 49 41 46.4615384615385 7 3 5.80769230769231 3.8515625 3.37109375 3.76712740384615 0.470890925480769 star4_04
4 11 5 6 10 0.181818 11.75203 8.773098 10.0208548461538 61 56 59 7 4 5.9 5.59375 5.15625 5.48557692307692 0.548557692307692 star4_05
4 13 6 7 12 0.153846 11.968236 8.478233 10.3773196153846 73 59 68.8461538461538 7 3 5.73717948717949 7.6484375 6.39453125 7.23106971153846 0.602589142628205 star4_06
4 15 7 8 14 0.133333 12.136029 9.11966 10.5235837692308 83 75 81.3076923076923 6 4 5.80769230769231 10.015625 8.984375 9.88461538461539 0.706043956043956 star4_07
4 17 8 9 16 0.117647 12.314199 10.280134 11.0861827692308 96 81 92.3076923076923 7 4 5.76923076923077 12.6953125 11.0859375 12.0162259615385 0.751014122596154 star4_08
4 19 9 10 18 0.105263 12.470856 9.380748 10.3964533076923 107 95 101.769230769231 7 4 5.65384615384615 15.6875 12.2421875 14.5609975961538 0.808944310897436 star4_09
4 21 10 11 20 0.0952381 12.685833 9.660092 10.6227334615385 119 101 112.230769230769 7 3 5.61153846153846 18.9921875 16.0546875 17.6448317307692 0.882241586538462 star4_10
6 10 3 7 9 0.2 11.670762 9.709182 10.7425416923077 65 57 60.8461538461538 8 4 6.76068376068376 5.10546875 4.37890625 4.84915865384615 0.538795405982906 star6_03
6 13 4 9 12 0.153846 11.671054 9.905638 10.6233966153846 89 70 80.7692307692308 8 4 6.73076923076923 8.1953125 5.95703125 7.63521634615385 0.636268028846154 star6_04
6 16 5 11 15 0.125 12.036502 9.321089 10.9422608461538 106 92 99.4615384615385 8 5 6.63076923076923 11.96484375 10.62109375 11.3067908653846 0.753786057692308 star6_05
6 19 6 13 18 0.105263 12.570645 9.504555 11.3197579230769 133 120 126.769230769231 8 5 7.04273504273504 16.54296875 14.82421875 15.9387019230769 0.88548344017094 star6_06
6 22 7 15 21 0.0909091 12.414003 9.838539 11.2894006153846 149 135 141.230769230769 8 4 6.72527472527472 21.66796875 16.95703125 20.1676682692308 0.960365155677655 star6_07
6 25 8 17 24 0.08 13.108652 11.053879 12.0478051538462 174 150 166 8 4 6.91666666666667 27.68359375 23.49609375 26.3834134615385 1.09930889423077 star6_08
6 28 9 19 27 0.0714286 13.386238 11.16575 11.7975626923077 200 174 189.538461538462 8 5 7.01994301994302 34.30859375 31.15234375 33.3329326923077 1.23455306267806 star6_09
6 31 10 21 30 0.0645161 17.727216 11.01809 13.3988235384615 277 228 260.307692307692 10 5 8.67692307692308 43.48046875 37.28125 41.2055288461538 1.37351762820513 star6_10
2 4 3 1 3 0.4 11.042247 8.032138 9.19019946153846 12 10 11.2307692307692 4 3 3.74358974358974 0.6875 0.5859375 0.6484375 0.216145833333334 d2r04
2 5 4 1 4 0.333333333333333 11.055522 7.038018 8.90433307692308 16 13 15.0769230769231 4 3 3.76923076923077 1.06640625 0.85546875 1.00150240384615 0.250375600961538 d2r05
2 6 5 1 5 0.285714285714286 10.093037 7.088469 8.76236807692308 21 16 18.8461538461538 5 3 3.76923076923077 1.6328125 1.1640625 1.42127403846154 0.284254807692308 d2r06
2 7 6 1 6 0.25 11.079617 8.093905 9.23067346153846 25 19 23.3076923076923 5 3 3.88461538461539 2.1875 1.51171875 1.984375 0.330729166666666 d2r07
2 8 7 1 7 0.222222222222222 10.107643 7.090505 9.16454584615385 28 22 27.0769230769231 4 3 3.86813186813187 2.671875 1.8984375 2.55288461538462 0.364697802197803 d2r08
2 9 8 1 8 0.2 11.120554 8.102451 9.723254 32 25 30.3846153846154 4 3 3.79807692307692 3.36328125 2.32421875 3.12349759615385 0.390437199519231 d2r09
2 10 9 1 9 0.181818181818182 11.118055 7.212893 9.29499276923077 37 28 34.8461538461538 5 3 3.87179487179487 4.3203125 2.7890625 3.94050480769231 0.437833867521368 d2r10
2 11 10 1 10 0.166666666666667 10.132137 7.16472 8.916365 41 31 37.3076923076923 5 3 3.73076923076923 5.1875 3.29296875 4.47716346153846 0.447716346153846 d2r11
2 12 11 1 11 0.153846153846154 11.12484 8.139788 9.23061361538461 44 34 41.6923076923077 4 3 3.79020979020979 5.90625 3.8359375 5.42848557692308 0.493498688811189 d2r12
2 13 12 1 12 0.142857142857143 10.16954 7.153365 8.92119892307692 48 37 43.8461538461538 4 3 3.65384615384615 6.91015625 4.41796875 5.97055288461539 0.497546073717949 d2r13
2 20 19 1 19 0.0952380952380952 11.181483 8.141657 9.32051930769231 76 57 72.6153846153846 4 2 3.82186234817814 16.125 9.203125 14.8834134615385 0.783337550607287 star2_20
2 30 29 1 29 0.0645161290322581 11.388457 8.323237 9.58318630769231 128 91 122.307692307692 6 1 4.21750663129974 26.40234375 15.28515625 24.6920072115385 0.851448524535809 star2_30
2 40 39 1 39 0.0487804878048781 10.482773 8.55184 9.70462584615385 138 101 129.461538461538 6 1 3.31952662721894 34.52734375 19.89453125 31.1505408653846 0.798731817061144 star2_40
2 50 49 1 49 0.0392156862745098 10.684343 8.600517 9.81165746153846 148 111 139.461538461538 6 1 2.84615384615385 42.65234375 24.50390625 38.4642427884615 0.784984546703297 star2_50
