2 4 0 4 4 0.666667 11.047503 7.05842 9.03443716666667 31 28 29.6111111111111 9 6 7.40277777777778 1.7890625 1.6171875 1.70985243055556 0.427463107638889 circle04
3 6 0 6 6 0.4 14.014698 8.017409 11.2454384444444 59 46 53.9444444444444 12 7 8.99074074074074 3.58203125 2.921875 3.33072916666667 0.555121527777778 circle06
4 8 0 8 8 0.285714 15.010927 9.033435 11.5513674444444 90 70 80.4444444444444 14 7 10.0555555555556 5.80078125 4.58984375 5.30251736111111 0.662814670138889 circle08
5 10 0 10 10 0.222222 17.030422 12.052735 13.4700481666667 124 99 109.277777777778 15 8 10.9277777777778 8.484375 6.609375 7.80946180555556 0.780946180555556 circle10
6 12 0 12 12 0.181818 18.079628 11.137595 15.4428274444444 163 132 148.055555555556 17 8 12.337962962963 12.30078125 10.08203125 10.8940972222222 0.907841435185185 circle12
7 14 0 14 14 0.153846 21.067222 12.109869 17.2441014444444 199 158 179.777777777778 17 9 12.8412698412698 15.4453125 12.41796875 14.1011284722222 1.00722346230159 circle14
8 16 0 16 16 0.133333 21.104571 15.105876 18.5769352777778 246 187 224.555555555556 19 10 14.0347222222222 22.234375 16.55078125 18.5364583333333 1.15852864583333 circle16
9 18 0 18 18 0.117647 23.197898 17.075939 19.2824588333333 306 247 267.611111111111 21 11 14.8672839506173 27.12890625 20.3203125 23.9498697916667 1.33054832175926 circle18
10 20 0 20 20 0.105263 22.355365 16.999614 19.1395285555556 374 264 313.388888888889 22 9 15.6694444444444 34.57421875 23.25 28.9188368055556 1.44594184027778 circle20
11 22 0 22 22 0.0952381 27.121907 19.118922 21.6430018823529 413 306 358.352941176471 22 11 16.2887700534759 40.953125 28.01953125 35.3885569852941 1.60857077205882 circle22
12 24 0 24 24 0.0869565 27.188158 18.410769 22.3073256111111 455 386 421.666666666667 22 12 17.5694444444444 47.1875 38.23046875 44.0451388888889 1.83521412037037 circle24
13 26 0 26 26 0.08 28.062865 19.337008 24.8231237222222 538 374 459.222222222222 23 12 17.6623931623932 64.53515625 43.81640625 50.8838975694444 1.95707298344017 circle26
14 28 0 28 28 0.0740741 31.07925 19.282836 26.0324813333333 605 453 514.888888888889 25 13 18.3888888888889 66.6328125 39.21484375 55.9264322916667 1.99737258184524 circle28
15 30 0 30 30 0.0689655 36.022131 22.556119 28.0804318333333 658 509 570.111111111111 24 13 19.0037037037037 79.17578125 58.5234375 66.5073784722222 2.21691261574074 circle30
