2 4 0 4 4 0.666667 11.047503 7.05842 9.03443716666667 31 28 29.6111111111111 9 6 7.40277777777778 1.7890625 1.6171875 1.70985243055556 0.427463107638889 circle04
2 5 0 5 5 0.5 11.041697 7.056643 8.83183794444444 43 37 40.5 10 6 8.1 2.57421875 2.19140625 2.42556423611111 0.485112847222222 circle05
3 6 0 6 6 0.4 14.014698 8.017409 11.2454384444444 59 46 53.9444444444444 12 7 8.99074074074074 3.58203125 2.921875 3.33072916666667 0.555121527777778 circle06
3 7 0 7 7 0.333333 14.0185 7.094569 10.9833469444444 76 60 67.2777777777778 13 7 9.61111111111111 4.62109375 3.80859375 4.26171875 0.608816964285714 circle07
4 8 0 8 8 0.285714 15.010927 9.033435 11.5513674444444 90 70 80.4444444444444 14 7 10.0555555555556 5.80078125 4.58984375 5.30251736111111 0.662814670138889 circle08
4 9 0 9 9 0.25 16.031925 9.062759 12.3309326666667 105 84 93.1111111111111 15 8 10.3456790123457 6.85546875 5.828125 6.34288194444444 0.704764660493827 circle09
5 10 0 10 10 0.222222 17.030422 12.052735 13.4700481666667 124 99 109.277777777778 15 8 10.9277777777778 8.484375 6.609375 7.80946180555556 0.780946180555556 circle10
5 11 0 11 11 0.2 17.166827 9.059727 13.3833435 143 112 125.277777777778 16 8 11.3888888888889 9.75 8.07421875 8.85091145833333 0.804628314393939 circle11
6 12 0 12 12 0.181818 18.079628 11.137595 15.4428274444444 163 132 148.055555555556 17 8 12.337962962963 12.30078125 10.08203125 10.8940972222222 0.907841435185185 circle12
6 13 0 13 13 0.166667 18.075593 12.046369 15.3948425 174 136 158.5 17 9 12.1923076923077 12.4296875 10.67578125 11.8617621527778 0.912443242521367 circle13
7 14 0 14 14 0.153846 21.067222 12.109869 17.2441014444444 199 158 179.777777777778 17 9 12.8412698412698 15.4453125 12.41796875 14.1011284722222 1.00722346230159 circle14
7 15 0 15 15 0.142857 19.096428 12.137917 16.5407676111111 215 169 196.111111111111 18 9 13.0740740740741 16.9609375 14.19921875 15.2777777777778 1.01851851851852 circle15
8 16 0 16 16 0.133333 21.104571 15.105876 18.5769352777778 246 187 224.555555555556 19 10 14.0347222222222 22.234375 16.55078125 18.5364583333333 1.15852864583333 circle16
8 17 0 17 17 0.125 19.204571 15.19212 16.8872387777778 267 214 237.333333333333 19 10 13.9607843137255 22.51953125 17.86328125 19.978515625 1.17520680147059 circle17
9 18 0 18 18 0.117647 23.197898 17.075939 19.2824588333333 306 247 267.611111111111 21 11 14.8672839506173 27.12890625 20.3203125 23.9498697916667 1.33054832175926 circle18
9 19 0 19 19 0.111111 22.030049 15.137437 19.331332 300 227 279.833333333333 19 10 14.7280701754386 28.1953125 19.828125 24.9535590277778 1.31334521198831 circle19
10 20 0 20 20 0.105263 22.355365 16.999614 19.1395285555556 374 264 313.388888888889 22 9 15.6694444444444 34.57421875 23.25 28.9188368055556 1.44594184027778 circle20
10 21 0 21 21 0.1 24.061195 16.332332 19.2771758333333 378 299 328.444444444444 20 11 15.6402116402116 36.8515625 24.9296875 30.5134548611111 1.45302166005291 circle21
11 22 0 22 22 0.0952381 27.121907 19.118922 21.6430018823529 413 306 358.352941176471 22 11 16.2887700534759 40.953125 28.01953125 35.3885569852941 1.60857077205882 circle22
11 23 0 23 23 0.0909091 27.171295 20.068678 22.5422178888889 433 370 394.888888888889 21 12 17.1690821256039 42.91015625 35.04296875 40.3838975694444 1.75582163345411 circle23
12 24 0 24 24 0.0869565 27.188158 18.410769 22.3073256111111 455 386 421.666666666667 22 12 17.5694444444444 47.1875 38.23046875 44.0451388888889 1.83521412037037 circle24
12 25 0 25 25 0.0833333 28.098881 21.057966 24.7156228888889 487 397 437.777777777778 24 13 17.5111111111111 50.33984375 42.07421875 46.1349826388889 1.84539930555556 circle25
13 26 0 26 26 0.08 28.062865 19.337008 24.8231237222222 538 374 459.222222222222 23 12 17.6623931623932 64.53515625 43.81640625 50.8838975694444 1.95707298344017 circle26
13 27 0 27 27 0.0769231 31.333236 23.214183 26.5704222777778 523 398 469.055555555556 22 13 17.3724279835391 66.6875 44.78125 51.2769097222222 1.89914480452675 circle27
14 28 0 28 28 0.0740741 31.07925 19.282836 26.0324813333333 605 453 514.888888888889 25 13 18.3888888888889 66.6328125 39.21484375 55.9264322916667 1.99737258184524 circle28
14 29 0 29 29 0.0714286 31.305347 21.089011 25.8623674444444 616 476 528.722222222222 26 14 18.2318007662835 68.83984375 51.28125 57.7454427083333 1.99122216235632 circle29
15 30 0 30 30 0.0689655 36.022131 22.556119 28.0804318333333 658 509 570.111111111111 24 13 19.0037037037037 79.17578125 58.5234375 66.5073784722222 2.21691261574074 circle30
