6 12 1 11 15 0.227273 11.320425 162 16.60546875 10.8 1.10703125 4 7 1 13 4 0.90234375 15 1.45703125 none 0 random12_15_6_3 rip 1 69940347253 69951667678
6 12 1 11 15 0.227273 12.311311 169 17.25390625 11.2666666666667 1.15026041666667 4 8 7 14 4 0.953125 15 1.546875 none 0 random12_15_6_3 rip 2 70088270657 70100581968
6 12 1 11 15 0.227273 15.341961 169 17.25390625 11.2666666666667 1.15026041666667 4 8 7 14 4 0.953125 15 1.59765625 none 0 random12_15_6_3 rip 3 70234881456 70250223417
6 12 1 11 15 0.227273 8.227016 144 16.70703125 9.6 1.11380208333333 4 7 15 12 5 0.89453125 15 1.5859375 none 0 random12_15_6_3 rip 4 70382744032 70390971048
6 12 1 11 15 0.227273 13.131304 165 16.6015625 11 1.10677083333333 4 7 7 14 4 0.86328125 15 1.30859375 none 0 random12_15_6_3 rip 5 70530721514 70543852818
6 12 1 11 15 0.227273 15.344034 166 17.1796875 11.0666666666667 1.1453125 4 8 7 14 5 0.92578125 15 1.66796875 none 0 random12_15_6_3 rip 6 70678889894 70694233928
6 12 1 11 15 0.227273 11.362629 165 17.1484375 11 1.14322916666667 4 8 7 14 4 0.953125 15 1.56640625 none 0 random12_15_6_3 rip 7 70826239048 70837601677
6 12 1 11 15 0.227273 11.356916 166 17.04296875 11.0666666666667 1.13619791666667 4 8 7 14 4 0.953125 15 1.45703125 none 0 random12_15_6_3 rip 8 70974222932 70985579848
6 12 1 11 15 0.227273 8.324486 163 16.6953125 10.8666666666667 1.11302083333333 4 8 7 14 4 0.953125 7 1.3359375 none 0 random12_15_6_3 rip 9 71122192212 71130516698
6 12 1 11 15 0.227273 13.338345 166 17.16015625 11.0666666666667 1.14401041666667 4 7 7 14 4 0.921875 15 1.49609375 none 0 random12_15_6_3 rip 10 71270419519 71283757864
6 12 1 11 15 0.227273 13.305813 146 16.14453125 9.73333333333333 1.07630208333333 4 7 15 12 5 0.90625 15 1.52734375 none 0 random12_15_6_3 rip 11 71418332685 71431638498
6 12 1 11 15 0.227273 13.344467 166 17.0625 11.0666666666667 1.1375 4 7 7 14 4 0.90234375 15 1.52734375 none 0 random12_15_6_3 rip 12 71566324058 71579668525
6 12 1 11 15 0.227273 12.329339 151 16.3984375 10.0666666666667 1.09322916666667 4 7 1 12 4 0.90234375 15 1.45703125 none 0 random12_15_6_3 rip 13 71714488006 71726817345
6 12 1 11 15 0.227273 14.270202 163 17.2421875 10.8666666666667 1.14947916666667 4 7 15 14 5 0.88671875 15 1.62890625 none 0 random12_15_6_3 rip 14 71861961005 71876231207
6 12 1 11 15 0.227273 12.334387 158 16.87109375 10.5333333333333 1.12473958333333 4 8 1 12 4 0.953125 15 1.56640625 none 0 random12_15_6_3 rip 15 72010660603 72022994990
6 13 4 9 15 0.192308 17.422268 175 17.109375 11.6666666666667 1.140625 1 7 9 16 10 0.82421875 8 1.51953125 none 0 random13_15_6_1 rip 1 85599638887 85617061155
6 13 4 9 15 0.192308 12.968632 123 13.6875 8.2 0.9125 1 6 9 10 10 0.578125 8 1.2265625 none 0 random13_15_6_1 rip 2 85752735008 85765703640
6 13 4 9 15 0.192308 13.990623 140 15.15625 9.33333333333333 1.01041666666667 1 7 2 11 3 0.765625 8 1.3046875 none 0 random13_15_6_1 rip 3 85904343563 85918334186
6 13 4 9 15 0.192308 14.875247 173 16.7734375 11.5333333333333 1.11822916666667 7 8 11 16 3 0.8671875 8 1.51953125 none 0 random13_15_6_1 rip 4 86055739205 86070614452
6 13 4 9 15 0.192308 17.845754 193 21.03125 12.8666666666667 1.40208333333333 1 9 6 17 5 0.96875 12 1.91796875 none 0 random13_15_6_1 rip 5 86206938104 86224783858
#6 13 4 9 15 0.192308 86365.958909 202 25.21875 13.4666666666667 1.68125 3 9 11 17 3 1.12109375 8 2.4921875 none 0 random13_15_6_1 rip 6 11125829 86377084738
6 13 4 9 15 0.192308 19.843418 175 16.69921875 11.6666666666667 1.11328125 7 8 6 15 3 0.8671875 8 1.46875 none 0 random13_15_6_1 rip 7 111928842 131772260
6 13 4 9 15 0.192308 12.837894 155 16.328125 10.3333333333333 1.08854166666667 7 7 2 13 7 0.86328125 8 1.4453125 none 0 random13_15_6_1 rip 8 263214744 276052638
6 13 4 9 15 0.192308 11.985495 139 15.046875 9.26666666666667 1.003125 3 6 2 11 3 0.734375 8 1.34765625 none 0 random13_15_6_1 rip 9 415514697 427500192
6 13 4 9 15 0.192308 16.83912 162 16.1953125 10.8 1.0796875 3 7 2 14 3 0.78515625 8 1.5390625 none 0 random13_15_6_1 rip 10 567957550 584796670
6 13 4 9 15 0.192308 14.632307 163 16.4609375 10.8666666666667 1.09739583333333 7 8 6 14 10 0.90625 8 1.42578125 none 0 random13_15_6_1 rip 11 720226377 734858684
6 13 4 9 15 0.192308 17.858624 180 17.6953125 12 1.1796875 7 8 6 16 3 0.84765625 8 1.48828125 none 0 random13_15_6_1 rip 12 872697938 890556562
6 13 4 9 15 0.192308 13.59358 137 15.19921875 9.13333333333333 1.01328125 1 7 4 13 10 0.8046875 12 1.37890625 none 0 random13_15_6_1 rip 13 1025374219 1038967799
6 13 4 9 15 0.192308 14.876031 162 16.1953125 10.8 1.0796875 3 7 2 14 3 0.78515625 8 1.5390625 none 0 random13_15_6_1 rip 1 7435932324 7450808355
6 13 4 9 15 0.192308 14.910023 142 15.62890625 9.46666666666667 1.04192708333333 7 6 11 12 7 0.7734375 8 1.40625 none 0 random13_15_6_1 rip 2 7587161447 7602071470
6 14 5 9 15 0.164835 14.003487 148 15.15234375 9.86666666666667 1.01015625 11 6 12 14 11 0.75390625 12 1.296875 none 0 random14_15_6_1 rip 1 50816443171 50830446658
6 14 5 9 15 0.164835 13.58118 142 14.90625 9.46666666666667 0.99375 11 5 12 15 11 0.72265625 12 1.30859375 none 0 random14_15_6_1 rip 2 50973430521 50987011701
6 14 5 9 15 0.164835 10.599371 137 14.02734375 9.13333333333333 0.93515625 11 6 7 12 12 0.69921875 14 1.2421875 none 0 random14_15_6_1 rip 3 51129798571 51140397942
6 14 5 9 15 0.164835 14.606508 147 15.31640625 9.8 1.02109375 11 6 12 13 11 0.734375 12 1.3828125 none 0 random14_15_6_1 rip 4 51286416901 51301023409
6 14 5 9 15 0.164835 14.593407 144 15.0859375 9.6 1.00572916666667 1 6 12 14 8 0.734375 12 1.27734375 none 0 random14_15_6_1 rip 5 51442349957 51456943364
6 14 5 9 15 0.164835 10.569921 128 14.234375 8.53333333333333 0.948958333333333 11 5 2 12 13 0.703125 14 1.19140625 none 0 random14_15_6_1 rip 6 51597907157 51608477078
6 14 5 9 15 0.164835 10.555858 141 14.97265625 9.4 0.998177083333333 1 5 9 13 8 0.703125 15 1.3046875 none 0 random14_15_6_1 rip 7 51755244152 51765800010
6 14 5 9 15 0.164835 11.611908 128 14.25390625 8.53333333333333 0.950260416666667 11 5 2 12 13 0.703125 14 1.23046875 none 0 random14_15_6_1 rip 8 51911935014 51923546922
6 14 5 9 15 0.164835 11.008498 125 14.375 8.33333333333333 0.958333333333333 11 4 2 11 11 0.6328125 15 1.23046875 none 0 random14_15_6_1 rip 9 52068664121 52079672619
6 14 5 9 15 0.164835 13.624599 131 14.42578125 8.73333333333333 0.96171875 11 5 2 12 13 0.703125 14 1.23046875 none 0 random14_15_6_1 rip 10 52225026343 52238650942
6 14 5 9 15 0.164835 10.965679 129 13.58203125 8.6 0.90546875 11 5 2 12 11 0.72265625 14 1.19140625 none 0 random14_15_6_1 rip 11 52381777467 52392743146
6 14 5 9 15 0.164835 16.544485 131 14.328125 8.73333333333333 0.955208333333333 1 5 2 12 8 0.703125 12 1.25390625 none 0 random14_15_6_1 rip 12 52538128831 52554673316
6 14 5 9 15 0.164835 12.090969 140 14.58984375 9.33333333333333 0.97265625 11 6 9 13 11 0.71484375 15 1.21484375 none 0 random14_15_6_1 rip 13 52694438213 52706529182
6 14 5 9 15 0.164835 10.611596 132 14.4765625 8.8 0.965104166666667 11 5 2 12 13 0.703125 14 1.23046875 none 0 random14_15_6_1 rip 14 52851182294 52861793890
6 14 5 9 15 0.164835 12.58503 149 15.06640625 9.93333333333333 1.00442708333333 11 5 5 13 11 0.7421875 14 1.26171875 none 0 random14_15_6_1 rip 15 53007336607 53019921637
6 10 1 9 15 0.290909090909091 12.043517 164 18.23046875 10.9333333333333 1.21536458333333 1 8 5 13 1 0.73828125 12 1.56640625 none 0 random10_15_6 rip 1 51649045685 51661089202
6 10 1 9 15 0.290909090909091 15.031574 162 17.50390625 10.8 1.16692708333333 1 9 14 13 1 0.75 12 1.49609375 none 0 random10_15_6 rip 2 51773143415 51788174989
6 10 1 9 15 0.290909090909091 18.038572 159 17.9375 10.6 1.19583333333333 1 9 15 13 1 0.75 12 1.5234375 none 0 random10_15_6 rip 3 51897482010 51915520582
6 10 1 9 15 0.290909090909091 17.044227 161 17.62890625 10.7333333333333 1.17526041666667 1 9 13 14 1 0.828125 9 1.37890625 none 0 random10_15_6 rip 1 52419371632 52436415859
6 10 1 9 15 0.290909090909091 17.067642 165 18.1640625 11 1.2109375 9 8 14 13 1 0.859375 6 1.41796875 none 0 random10_15_6 rip 2 52543709480 52560777122
6 10 1 9 15 0.290909090909091 12.069243 162 17.875 10.8 1.19166666666667 1 8 5 12 1 0.796875 12 1.45703125 none 0 random10_15_6 rip 3 52667704359 52679773602
6 10 1 9 15 0.290909090909091 12.065554 152 17.25 10.1333333333333 1.15 1 8 7 12 1 0.81640625 12 1.38671875 none 0 random10_15_6 rip 4 52793218694 52805284248
6 10 1 9 15 0.290909090909091 14.04864 160 17.2265625 10.6666666666667 1.1484375 1 8 14 13 1 0.71875 12 1.46875 none 0 random10_15_6 rip 5 52916327045 52930375685
6 10 1 9 15 0.290909090909091 18.096233 171 18.703125 11.4 1.246875 10 9 13 13 1 0.87890625 10 1.62890625 none 0 random10_15_6 rip 6 53038565254 53056661487
6 10 1 9 15 0.290909090909091 20.02954 154 17.95703125 10.2666666666667 1.19713541666667 10 8 14 13 2 0.8203125 15 1.63671875 none 0 random10_15_6 rip 7 53162577915 53182607455
6 10 1 9 15 0.290909090909091 20.046292 158 19.64453125 10.5333333333333 1.30963541666667 10 8 13 13 4 0.91796875 10 1.6953125 none 0 random10_15_6 rip 8 53286797872 53306844164
6 10 1 9 15 0.290909090909091 17.083782 170 18.18359375 11.3333333333333 1.21223958333333 10 8 13 14 1 0.83984375 12 1.4375 none 0 random10_15_6 rip 1 53871308192 53888391974
6 10 1 9 15 0.290909090909091 10.082379 141 16.33984375 9.4 1.08932291666667 1 7 5 12 1 0.6875 12 1.3671875 none 0 random10_15_6 rip 2 53996956062 54007038441
6 10 1 9 15 0.290909090909091 18.011939 156 18.46875 10.4 1.23125 10 7 13 14 2 0.91015625 15 1.59765625 none 0 random10_15_6 rip 3 54119739271 54137751210
6 10 1 9 15 0.290909090909091 17.03277 148 18.3359375 9.86666666666667 1.22239583333333 9 7 13 12 2 0.78125 15 1.546875 none 0 random10_15_6 rip 4 54245192194 54262224964
6 11 0 11 15 0.242424242424242 11.058676 153 14.46875 10.2 0.964583333333333 7 9 12 12 4 0.78125 12 1.25390625 none 0 random11_15_6 rip 1 54370761013 54381819689
6 11 0 11 15 0.242424242424242 16.080011 167 14.984375 11.1333333333333 0.998958333333333 9 8 1 15 7 0.73046875 2 1.2578125 none 0 random11_15_6 rip 2 54495722898 54511802909
6 11 0 11 15 0.242424242424242 14.089418 153 13.98046875 10.2 0.93203125 9 7 1 13 5 0.7421875 11 1.15234375 none 0 random11_15_6 rip 3 54621533446 54635622864
6 11 0 11 15 0.242424242424242 14.164045 153 15.42578125 10.2 1.02838541666667 7 8 1 13 7 0.796875 11 1.3671875 none 0 random11_15_6 rip 4 54747651879 54761815924
6 11 0 11 15 0.242424242424242 11.081337 156 14.93359375 10.4 0.995572916666667 10 8 1 12 4 0.80078125 11 1.37890625 none 0 random11_15_6 rip 5 54873593404 54884674741
6 11 0 11 15 0.242424242424242 11.089595 176 16.3984375 11.7333333333333 1.09322916666667 7 9 1 14 7 0.84765625 12 1.4140625 none 0 random11_15_6 rip 1 55688425796 55699515391
6 11 0 11 15 0.242424242424242 13.094534 147 13.91015625 9.8 0.92734375 7 7 1 13 8 0.71875 2 1.20703125 none 0 random11_15_6 rip 2 55814536569 55827631103
6 11 0 11 15 0.242424242424242 14.100956 159 15.18359375 10.6 1.01223958333333 7 7 1 15 7 0.78515625 2 1.26953125 none 0 random11_15_6 rip 3 55940522915 55954623871
6 11 0 11 15 0.242424242424242 11.11345 161 16.359375 10.7333333333333 1.090625 7 8 2 14 7 0.796875 11 1.44921875 none 0 random11_15_6 rip 4 56066871464 56077984914
6 11 0 11 15 0.242424242424242 15.084621 162 14.984375 10.8 0.998958333333333 7 8 1 14 7 0.77734375 11 1.33984375 none 0 random11_15_6 rip 5 56193574052 56208658673
6 11 0 11 15 0.242424242424242 14.108586 156 14.9921875 10.4 0.999479166666667 7 8 1 13 4 0.75 11 1.28125 none 0 random11_15_6 rip 6 56320738809 56334847395
6 11 0 11 15 0.242424242424242 13.091981 153 14.83984375 10.2 0.989322916666667 7 8 2 13 7 0.6796875 2 1.3046875 none 0 random11_15_6 rip 7 56446779901 56459871882
6 11 0 11 15 0.242424242424242 13.104243 156 14.89453125 10.4 0.99296875 7 8 1 13 7 0.81640625 2 1.28515625 none 0 random11_15_6 rip 8 56571731013 56584835256
6 11 0 11 15 0.242424242424242 13.092564 168 16.24609375 11.2 1.08307291666667 7 9 2 14 7 0.84765625 2 1.4140625 none 0 random11_15_6 rip 9 56698009503 56711102067
6 11 0 11 15 0.242424242424242 11.103673 153 15.25 10.2 1.01666666666667 5 8 1 13 7 0.796875 11 1.34765625 none 0 random11_15_6 rip 10 56825341410 56836445083
6 15 6 9 15 0.133333333333333 10.085936 140 13.828125 9.33333333333333 0.921875 9 7 15 13 9 0.765625 15 1.34375 none 0 random15_15_6 rip 1 79905328654 79915414590
6 15 6 9 15 0.133333333333333 13.10521 126 13.01953125 8.4 0.86796875 9 5 3 11 9 0.6640625 15 1.2421875 none 0 random15_15_6 rip 2 80040714864 80053820074
6 15 6 9 15 0.133333333333333 16.047163 125 12.34375 8.33333333333333 0.822916666666667 9 5 3 11 1 0.58984375 15 1.16015625 none 0 random15_15_6 rip 3 80178036680 80194083843
6 15 6 9 15 0.133333333333333 11.115525 120 12.65625 8 0.84375 9 5 15 10 9 0.68359375 15 1.2890625 none 0 random15_15_6 rip 4 80314247744 80325363269
6 15 6 9 15 0.133333333333333 12.153202 134 14.24609375 8.93333333333333 0.949739583333333 9 5 15 13 9 0.72265625 15 1.32421875 none 0 random15_15_6 rip 5 80453591611 80465744813
6 15 6 9 15 0.133333333333333 9.11362 138 14.13671875 9.2 0.942447916666667 9 6 15 13 9 0.71484375 15 1.32421875 none 0 random15_15_6 rip 6 80590143386 80599257006
6 15 6 9 15 0.133333333333333 16.059767 127 12.97265625 8.46666666666667 0.86484375 9 5 3 10 6 0.67578125 15 1.3671875 none 0 random15_15_6 rip 7 80727437787 80743497554
6 15 6 9 15 0.133333333333333 12.093972 135 14.00390625 9 0.93359375 9 6 15 13 9 0.75390625 15 1.32421875 none 0 random15_15_6 rip 8 80866131584 80878225556
6 15 6 9 15 0.133333333333333 14.154599 129 13.73828125 8.6 0.915885416666667 9 5 3 11 9 0.72265625 15 1.359375 none 0 random15_15_6 rip 1 81584192145 81598346744
6 15 6 9 15 0.133333333333333 15.02147 126 13.09765625 8.4 0.873177083333333 9 4 3 11 9 0.57421875 11 1.0546875 none 0 random15_15_6 rip 2 81722520854 81737542324
6 15 6 9 15 0.133333333333333 10.12237 120 13.3203125 8 0.888020833333333 6 5 3 10 6 0.546875 15 1.34765625 none 0 random15_15_6 rip 3 81859890356 81870012726
6 15 6 9 15 0.133333333333333 11.078287 119 12.72265625 7.93333333333333 0.848177083333333 9 5 15 11 6 0.63671875 15 1.28125 none 0 random15_15_6 rip 4 81998505678 82009583965
6 15 6 9 15 0.133333333333333 12.110925 111 12.6484375 7.4 0.843229166666667 9 5 15 10 6 0.59765625 15 1.15234375 none 0 random15_15_6 rip 5 82135891400 82148002325
6 15 6 9 15 0.133333333333333 11.144549 122 12.23046875 8.13333333333333 0.815364583333333 9 4 3 11 1 0.58984375 15 1.08203125 none 0 random15_15_6 rip 6 82275137008 82286281557
6 15 6 9 15 0.133333333333333 13.091003 129 13.69921875 8.6 0.91328125 9 5 15 12 9 0.72265625 15 1.33203125 none 0 random15_15_6 rip 7 82951342913 82964433916
6 16 7 9 15 0.117647058823529 15.151131 136 12.86328125 9.06666666666667 0.857552083333333 9 6 4 11 9 0.734375 7 1.046875 none 0 random16_15_6 rip 1 83761381476 83776532607
6 16 7 9 15 0.117647058823529 14.121279 125 12.6171875 8.33333333333333 0.841145833333333 9 5 7 10 9 0.72265625 7 0.9765625 none 0 random16_15_6 rip 2 83899820011 83913941290
6 16 7 9 15 0.117647058823529 8.10496 112 11.9765625 7.46666666666667 0.7984375 9 5 7 11 1 0.63671875 7 1.0078125 none 0 random16_15_6 rip 3 84041899586 84050004546
6 16 7 9 15 0.117647058823529 16.15676 139 12.80078125 9.26666666666667 0.853385416666667 9 6 7 12 9 0.71484375 7 1.0390625 none 0 random16_15_6 rip 4 84180692860 84196849620
6 16 7 9 15 0.117647058823529 12.132927 108 10.85546875 7.2 0.723697916666667 6 5 4 9 6 0.5078125 4 0.90625 none 0 random16_15_6 rip 5 84319653512 84331786439
6 16 7 9 15 0.117647058823529 14.148411 127 12.34765625 8.46666666666667 0.823177083333333 9 6 7 11 1 0.6796875 7 1.02734375 none 0 random16_15_6 rip 6 84458745204 84472893615
6 16 7 9 15 0.117647058823529 15.174955 128 12.28125 8.53333333333333 0.81875 9 5 7 11 1 0.66015625 7 0.98828125 none 0 random16_15_6 rip 7 84597746165 84612921120
6 16 7 9 15 0.117647058823529 15.141484 129 12.41015625 8.6 0.82734375 9 6 7 11 1 0.6796875 7 1.02734375 none 0 random16_15_6 rip 8 84735232431 84750373915
6 16 7 9 15 0.117647058823529 15.118556 119 13.015625 7.93333333333333 0.867708333333333 9 4 10 11 9 0.45703125 11 1.14453125 none 0 random16_15_6 rip 9 84873462630 84888581186
6 16 7 9 15 0.117647058823529 15.138771 130 12.32421875 8.66666666666667 0.821614583333333 9 6 10 11 9 0.734375 10 0.96875 none 0 random16_15_6 rip 10 85011124303 85026263074
6 16 7 9 15 0.117647058823529 15.133979 123 12.046875 8.2 0.803125 9 5 10 11 9 0.703125 10 0.96875 none 0 random16_15_6 rip 11 85149108845 85164242824
6 16 7 9 15 0.117647058823529 13.113619 128 12.22265625 8.53333333333333 0.81484375 9 5 7 11 9 0.68359375 7 1.046875 none 0 random16_15_6 rip 12 85290307748 85303421367
6 16 7 9 15 0.117647058823529 17.012676 125 12.7734375 8.33333333333333 0.8515625 9 4 10 12 9 0.61328125 11 1.17578125 none 0 random16_15_6 rip 13 85429492275 85446504951
6 16 7 9 15 0.117647058823529 13.130251 121 11.4765625 8.06666666666667 0.765104166666667 9 5 4 10 1 0.6015625 7 0.90625 none 0 random16_15_6 rip 14 85567311961 85580442212
6 16 7 9 15 0.117647058823529 16.140034 129 12.8984375 8.6 0.859895833333333 9 5 10 11 9 0.72265625 7 0.9765625 none 0 random16_15_6 rip 15 85707380009 85723520043
