4 9 3 6 10 0.244444444444444 15.276499 94 8.09375 9.4 0.809375 3 6 10 13 3 0.59765625 10 1.03125 none 0 random9_10_1 rip 1 67658897772 67674174271
4 9 3 6 10 0.244444444444444 12.253569 84 7.78125 8.4 0.778125 2 6 10 11 3 0.578125 8 0.9453125 none 0 random9_10_1 rip 2 67760996247 67773249816
4 9 3 6 10 0.244444444444444 12.256566 92 8.16796875 9.2 0.816796875 2 6 10 12 2 0.65625 8 1.015625 none 0 random9_10_1 rip 3 67866412408 67878668974
4 9 3 6 10 0.244444444444444 11.259588 84 7.78125 8.4 0.778125 2 6 10 11 3 0.578125 8 0.9453125 none 0 random9_10_1 rip 4 67969410857 67980670445
4 9 3 6 10 0.244444444444444 13.24998 92 8.1484375 9.2 0.81484375 2 6 10 12 2 0.65625 8 0.99609375 none 0 random9_10_1 rip 5 68073244288 68086494268
4 9 3 6 10 0.244444444444444 9.237864 84 7.78125 8.4 0.778125 2 6 10 11 3 0.578125 8 0.9453125 none 0 random9_10_1 rip 6 68176075601 68185313465
4 9 3 6 10 0.244444444444444 10.037723 79 7.390625 7.9 0.7390625 3 5 10 11 3 0.546875 8 0.99609375 none 0 random9_10_1 rip 7 68279928615 68289966338
4 9 3 6 10 0.244444444444444 15.269042 84 7.7421875 8.4 0.77421875 2 6 10 11 3 0.59765625 8 0.9453125 none 0 random9_10_1 rip 8 68382922731 68398191773
4 9 3 6 10 0.244444444444444 10.25688 79 7.703125 7.9 0.7703125 2 5 10 11 3 0.59765625 10 0.9296875 none 0 random9_10_1 rip 9 68486738414 68496995294
4 9 3 6 10 0.244444444444444 9.145685 84 7.7421875 8.4 0.77421875 2 6 9 10 3 0.578125 8 0.9453125 none 0 random9_10_1 rip 10 68588806402 68597952087
4 9 3 6 10 0.244444444444444 12.576518 82 7.69921875 8.2 0.769921875 2 6 5 10 2 0.59765625 5 0.91796875 none 0 random9_10_1 rip 11 68691607605 68704184123
4 9 3 6 10 0.244444444444444 13.222874 88 7.984375 8.8 0.7984375 2 6 10 11 3 0.609375 8 0.9453125 none 0 random9_10_1 rip 12 68795509003 68808731877
4 9 3 6 10 0.244444444444444 14.240516 84 7.78125 8.4 0.778125 2 6 10 11 3 0.578125 8 0.9453125 none 0 random9_10_1 rip 13 68899258973 68913499489
4 9 3 6 10 0.244444444444444 13.262836 92 8.16796875 9.2 0.816796875 2 6 10 12 2 0.65625 8 1.015625 none 0 random9_10_1 rip 14 69002078754 69015341590
4 9 3 6 10 0.244444444444444 13.641096 86 7.8046875 8.6 0.78046875 2 6 10 11 3 0.609375 8 0.95703125 none 0 random9_10_1 rip 15 69616778299 69630419395
3 9 4 5 10 0.244444444444444 7.492905 63 6.8125 6.3 0.68125 4 4 1 9 4 0.49609375 1 0.9453125 none 0 random9_10_2 rip 1 69719534662 69727027567
3 9 4 5 10 0.244444444444444 11.473222 66 7.12109375 6.6 0.712109375 4 4 1 9 4 0.49609375 2 0.984375 none 0 random9_10_2 rip 2 69823549760 69835022982
3 9 4 5 10 0.244444444444444 9.453529 64 6.86328125 6.4 0.686328125 4 4 1 9 4 0.49609375 1 0.9453125 none 0 random9_10_2 rip 3 69927374259 69936827788
3 9 4 5 10 0.244444444444444 9.476328 64 6.86328125 6.4 0.686328125 4 4 1 9 4 0.49609375 1 0.9453125 none 0 random9_10_2 rip 4 70031147915 70040624243
3 9 4 5 10 0.244444444444444 7.449655 62 5.86328125 6.2 0.586328125 4 4 1 9 4 0.3984375 1 0.828125 none 0 random9_10_2 rip 5 70134965282 70142414937
3 9 4 5 10 0.244444444444444 7.466241 63 6.8125 6.3 0.68125 4 4 1 9 4 0.49609375 1 0.9453125 none 0 random9_10_2 rip 6 70238856329 70246322570
3 9 4 5 10 0.244444444444444 10.51198 64 6.86328125 6.4 0.686328125 4 4 1 9 4 0.49609375 1 0.9453125 none 0 random9_10_2 rip 7 70342024740 70352536720
3 9 4 5 10 0.244444444444444 9.451907 64 6.86328125 6.4 0.686328125 4 4 1 9 4 0.49609375 1 0.9453125 none 0 random9_10_2 rip 8 70445050755 70454502662
3 9 4 5 10 0.244444444444444 9.473633 64 6.86328125 6.4 0.686328125 4 4 1 9 4 0.49609375 1 0.9453125 none 0 random9_10_2 rip 9 70550252790 70559726423
3 9 4 5 10 0.244444444444444 11.517636 70 6.7578125 7 0.67578125 4 4 1 11 4 0.3984375 1 0.91015625 none 0 random9_10_2 rip 10 71166659825 71178177461
3 9 4 5 10 0.244444444444444 8.510077 57 5.86328125 5.7 0.586328125 4 4 1 7 6 0.390625 9 0.75390625 none 0 random9_10_2 rip 11 71269546459 71278056536
3 9 4 5 10 0.244444444444444 9.472439 61 6.76953125 6.1 0.676953125 4 4 7 8 4 0.49609375 1 0.8828125 none 0 random9_10_2 rip 12 71372592397 71382064836
3 9 4 5 10 0.244444444444444 10.482949 70 6.71875 7 0.671875 4 4 1 11 4 0.3984375 1 0.91015625 none 0 random9_10_2 rip 13 71475842529 71486325478
3 9 4 5 10 0.244444444444444 7.521831 56 5.8125 5.6 0.58125 4 4 1 7 6 0.390625 9 0.75390625 none 0 random9_10_2 rip 14 71578572349 71586094180
3 9 4 5 10 0.244444444444444 10.494879 64 5.984375 6.4 0.5984375 4 4 1 9 4 0.3984375 1 0.7890625 none 0 random9_10_2 rip 15 71681691739 71692186618
5 9 2 7 10 0.244444444444444 14.165326 103 8.12109375 10.3 0.812109375 2 7 6 13 3 0.609375 9 1 none 0 random9_10_3 rip 1 71783517977 71797683303
5 9 2 7 10 0.244444444444444 11.140373 85 6.93359375 8.5 0.693359375 3 5 1 12 3 0.52734375 4 0.83984375 none 0 random9_10_3 rip 2 71885738523 71896878896
5 9 2 7 10 0.244444444444444 16.529007 101 8.09765625 10.1 0.809765625 3 7 6 13 3 0.62890625 9 0.9296875 none 0 random9_10_3 rip 3 71989803376 72006332383
5 9 2 7 10 0.244444444444444 14.493295 99 7.8203125 9.9 0.78203125 3 6 6 12 3 0.578125 9 0.9609375 none 0 random9_10_3 rip 4 72094773769 72109267064
5 9 2 7 10 0.244444444444444 14.484676 89 7.3515625 8.9 0.73515625 3 6 1 10 3 0.55859375 9 0.87890625 none 0 random9_10_3 rip 5 72197611925 72212096601
5 9 2 7 10 0.244444444444444 9.449685 99 7.8203125 9.9 0.78203125 3 6 6 12 3 0.578125 9 0.9609375 none 0 random9_10_3 rip 1 47938326545 47947776230
5 9 2 7 10 0.244444444444444 12.155956 93 7.6328125 9.3 0.76328125 3 6 4 12 3 0.55859375 4 0.86328125 none 0 random9_10_3 rip 2 48042266439 48054422395
5 9 2 7 10 0.244444444444444 13.505094 96 7.8046875 9.6 0.78046875 3 6 1 12 3 0.55859375 6 0.8828125 none 0 random9_10_3 rip 3 48146049495 48159554589
5 9 2 7 10 0.244444444444444 11.489489 101 7.90234375 10.1 0.790234375 2 7 6 12 3 0.62890625 9 0.9609375 none 0 random9_10_3 rip 4 48250235314 48261724803
5 9 2 7 10 0.244444444444444 10.492408 98 7.76953125 9.8 0.776953125 3 6 9 12 3 0.578125 9 0.9609375 none 0 random9_10_3 rip 5 48354057665 48364550073
5 9 2 7 10 0.244444444444444 16.527489 101 7.921875 10.1 0.7921875 2 7 6 12 3 0.62890625 9 0.9609375 none 0 random9_10_3 rip 6 48457822907 48474350396
5 9 2 7 10 0.244444444444444 15.488771 99 7.8203125 9.9 0.78203125 2 7 1 11 3 0.62890625 9 0.91015625 none 0 random9_10_3 rip 7 48560999072 48576487843
5 9 2 7 10 0.244444444444444 10.496223 88 7.359375 8.8 0.7359375 3 5 1 11 3 0.52734375 9 0.9296875 none 0 random9_10_3 rip 8 48666304005 48676800228
5 9 2 7 10 0.244444444444444 10.469579 99 7.8203125 9.9 0.78203125 3 6 6 12 3 0.578125 9 0.9609375 none 0 random9_10_3 rip 9 48769328611 48779798190
5 9 2 7 10 0.244444444444444 12.497975 101 7.90234375 10.1 0.790234375 2 7 6 12 3 0.62890625 9 0.9609375 none 0 random9_10_3 rip 10 48872364780 48884862755
4 9 2 7 11 0.266666666666667 14.410362 101 9.46484375 9.18181818181818 0.860440340909091 2 5 9 11 2 0.5859375 8 1.07421875 none 0 random9_11_1 rip 1 48977177973 48991588335
4 9 2 7 11 0.266666666666667 9.499625 93 8.86328125 8.45454545454546 0.805752840909091 2 5 1 11 2 0.56640625 7 1.0546875 none 0 random9_11_1 rip 2 49081225902 49090725527
4 9 2 7 11 0.266666666666667 12.445877 106 9.6796875 9.63636363636364 0.879971590909091 2 6 6 12 2 0.63671875 7 1.125 none 0 random9_11_1 rip 3 49186287574 49198733451
4 9 2 7 11 0.266666666666667 11.433239 102 9.515625 9.27272727272727 0.865056818181818 2 5 7 11 2 0.5859375 7 1.0859375 none 0 random9_11_1 rip 4 49291362848 49302796087
4 9 2 7 11 0.266666666666667 17.347185 106 9.69921875 9.63636363636364 0.881747159090909 2 6 6 13 2 0.63671875 6 1.16796875 none 0 random9_11_1 rip 5 49396481009 49413828194
4 9 2 7 11 0.266666666666667 13.637798 115 10.15625 10.4545454545455 0.923295454545455 2 6 7 12 2 0.63671875 7 1.17578125 none 0 random9_11_1 rip 6 49501526745 49515164543
4 9 2 7 11 0.266666666666667 14.411217 103 9.56640625 9.36363636363636 0.869673295454545 2 5 7 11 2 0.5859375 7 1.125 none 0 random9_11_1 rip 7 49606740377 49621151594
4 9 2 7 11 0.266666666666667 20.442888 112 10.94140625 10.1818181818182 0.994673295454545 2 6 6 13 2 0.63671875 6 1.3046875 none 0 random9_11_1 rip 8 49710721564 49731164452
4 9 2 7 11 0.266666666666667 18.441212 112 10.94140625 10.1818181818182 0.994673295454545 2 6 6 13 2 0.63671875 6 1.3046875 none 0 random9_11_1 rip 9 49814786794 49833228006
4 9 2 7 11 0.266666666666667 13.463729 105 9.453125 9.54545454545454 0.859375 2 6 6 12 2 0.63671875 7 1.0859375 none 0 random9_11_1 rip 10 49919916131 49933379860
4 9 2 7 11 0.266666666666667 9.046444 98 9.56640625 8.90909090909091 0.869673295454545 2 6 6 11 2 0.63671875 6 1.0859375 none 0 random9_11_1 rip 11 50025013347 50034059791
4 9 2 7 11 0.266666666666667 12.41442 102 9.515625 9.27272727272727 0.865056818181818 2 5 7 11 2 0.5859375 7 1.125 none 0 random9_11_1 rip 12 50130121218 50142535638
4 9 2 7 11 0.266666666666667 18.41152 110 11.2109375 10 1.01917613636364 2 5 9 13 2 0.5859375 9 1.265625 none 0 random9_11_1 rip 13 50235254993 50253666513
4 9 2 7 11 0.266666666666667 12.429948 109 9.8125 9.90909090909091 0.892045454545455 2 6 1 11 2 0.63671875 7 1.0859375 none 0 random9_11_1 rip 14 50339722704 50352152652
4 9 2 7 11 0.266666666666667 13.964628 97 9.4375 8.81818181818182 0.857954545454545 2 6 6 13 2 0.63671875 6 1.16796875 none 0 random9_11_1 rip 15 50446913219 50460877847
4 9 3 6 11 0.266666666666667 12.607669 98 9.72265625 8.90909090909091 0.883877840909091 1 7 3 13 1 0.7265625 2 1.06640625 none 0 random9_11_2 rip 1 50553164466 50565772135
4 9 3 6 11 0.266666666666667 10.666714 98 9.87890625 8.90909090909091 0.898082386363636 1 7 3 13 1 0.7265625 2 1.06640625 none 0 random9_11_2 rip 2 50658380375 50669047089
4 9 3 6 11 0.266666666666667 14.580184 98 9.72265625 8.90909090909091 0.883877840909091 1 7 3 13 1 0.7265625 2 1.015625 none 0 random9_11_2 rip 3 51275519160 51290099344
4 9 3 6 11 0.266666666666667 10.333715 100 9.66796875 9.09090909090909 0.87890625 1 7 3 12 7 0.71875 2 1.1640625 none 0 random9_11_2 rip 4 51380910776 51391244491
4 9 3 6 11 0.266666666666667 14.593084 98 9.72265625 8.90909090909091 0.883877840909091 1 7 3 13 1 0.7265625 2 1.06640625 none 0 random9_11_2 rip 5 51486014878 51500607962
4 9 3 6 11 0.266666666666667 14.364191 99 9.55859375 9 0.868963068181818 1 8 3 12 7 0.71875 2 1.1640625 none 0 random9_11_2 rip 6 51589038210 51603402401
4 9 3 6 11 0.266666666666667 13.351461 102 9.65234375 9.27272727272727 0.877485795454545 1 8 3 13 7 0.71875 2 1.1953125 none 0 random9_11_2 rip 7 51694128816 51707480277
4 9 3 6 11 0.266666666666667 12.306534 98 9.4296875 8.90909090909091 0.857244318181818 4 7 3 13 7 0.71875 2 1.14453125 none 0 random9_11_2 rip 8 51798457775 51810764309
4 9 3 6 11 0.266666666666667 14.551593 98 9.87890625 8.90909090909091 0.898082386363636 1 7 3 13 1 0.7265625 2 1.06640625 none 0 random9_11_2 rip 9 51903504029 51918055622
4 9 3 6 11 0.266666666666667 12.331348 103 9.87890625 9.36363636363636 0.898082386363636 1 8 3 12 1 0.77734375 6 0.9765625 none 0 random9_11_2 rip 10 52009740000 52022071348
4 9 3 6 11 0.266666666666667 11.347623 103 9.5859375 9.36363636363636 0.871448863636364 7 8 2 11 7 0.71875 2 1.18359375 none 0 random9_11_2 rip 11 52115010818 52126358441
4 9 3 6 11 0.266666666666667 15.590307 98 9.72265625 8.90909090909091 0.883877840909091 1 7 3 13 1 0.7265625 2 1.06640625 none 0 random9_11_2 rip 12 52221263631 52236853938
4 9 3 6 11 0.266666666666667 9.056221 83 8.55078125 7.54545454545455 0.77734375 7 5 2 10 7 0.5078125 8 1.0234375 none 0 random9_11_2 rip 1 59790860357 59799916578
4 9 3 6 11 0.266666666666667 9.067124 76 7.84375 6.90909090909091 0.713068181818182 7 5 8 9 7 0.52734375 8 0.90625 none 0 random9_11_2 rip 2 59895688918 59904756042
4 9 3 6 11 0.266666666666667 12.576543 101 9.81640625 9.18181818181818 0.892400568181818 1 7 3 13 1 0.7265625 2 1.06640625 none 0 random9_11_2 rip 3 60000494565 60013071108
3 9 1 8 11 0.266666666666667 11.334233 97 8.98828125 8.81818181818182 0.817116477272727 2 7 5 13 10 0.609375 5 1.16796875 none 0 random9_11_3 rip 1 61692538083 61703872316
3 9 1 8 11 0.266666666666667 12.367542 106 9.484375 9.63636363636364 0.862215909090909 2 8 5 14 8 0.671875 5 1.1796875 none 0 random9_11_3 rip 2 61796441995 61808809537
3 9 1 8 11 0.266666666666667 10.338526 95 9.140625 8.63636363636364 0.830965909090909 11 6 5 11 11 0.59765625 5 1.046875 none 0 random9_11_3 rip 3 61900624969 61910963495
3 9 1 8 11 0.266666666666667 13.351587 87 8.890625 7.90909090909091 0.808238636363636 2 6 5 11 2 0.59765625 5 1.046875 none 0 random9_11_3 rip 4 62004386518 62017738105
3 9 1 8 11 0.266666666666667 10.34136 105 9.62890625 9.54545454545454 0.875355113636364 2 7 5 14 1 0.69921875 5 1.1796875 none 0 random9_11_3 rip 5 62108286809 62118628169
3 9 1 8 11 0.266666666666667 10.341069 105 9.62890625 9.54545454545454 0.875355113636364 2 7 5 14 8 0.6796875 5 1.1796875 none 0 random9_11_3 rip 6 62213241646 62223582715
3 9 1 8 11 0.266666666666667 13.360351 98 9.25390625 8.90909090909091 0.841264204545455 11 7 5 12 8 0.640625 5 1.1171875 none 0 random9_11_3 rip 7 62318218145 62331578496
3 9 1 8 11 0.266666666666667 12.333858 105 9.62890625 9.54545454545454 0.875355113636364 2 7 5 14 1 0.69921875 5 1.1796875 none 0 random9_11_3 rip 8 62423304077 62435637935
3 9 1 8 11 0.266666666666667 13.34787 91 8.546875 8.27272727272727 0.776988636363636 11 6 5 11 11 0.55859375 5 0.98828125 none 0 random9_11_3 rip 9 62527202348 62540550218
3 9 1 8 11 0.266666666666667 11.328013 105 9.62890625 9.54545454545454 0.875355113636364 2 7 5 14 1 0.69921875 5 1.1796875 none 0 random9_11_3 rip 10 62632334902 62643662915
3 9 1 8 11 0.266666666666667 15.362299 104 9.578125 9.45454545454546 0.870738636363636 2 7 5 13 8 0.6796875 5 1.12890625 none 0 random9_11_3 rip 11 62735213358 62750575657
3 9 1 8 11 0.266666666666667 15.333122 105 9.62890625 9.54545454545454 0.875355113636364 2 7 5 14 1 0.69921875 5 1.1796875 none 0 random9_11_3 rip 12 62839222875 62854555997
3 9 1 8 11 0.266666666666667 9.361278 105 9.62890625 9.54545454545454 0.875355113636364 2 7 5 14 1 0.69921875 5 1.1796875 none 0 random9_11_3 rip 13 62943104154 62952465432
3 9 1 8 11 0.266666666666667 14.323699 105 9.62890625 9.54545454545454 0.875355113636364 2 7 5 14 1 0.69921875 5 1.1796875 none 0 random9_11_3 rip 14 63049270195 63063593894
3 9 1 8 11 0.266666666666667 12.353603 101 9.2890625 9.18181818181818 0.844460227272727 3 8 5 13 8 0.640625 5 1.1484375 none 0 random9_11_3 rip 15 63152152587 63164506190
4 9 1 8 12 0.288888888888889 7.660059 105 11.0546875 8.75 0.921223958333333 12 5 2 11 12 0.625 6 1.04296875 none 0 random9_12_1 rip 1 63258154076 63265814135
4 9 1 8 12 0.288888888888889 9.675614 105 11.0546875 8.75 0.921223958333333 12 5 2 11 12 0.625 6 1.04296875 none 0 random9_12_1 rip 2 63363267474 63372943088
4 9 1 8 12 0.288888888888889 9.658983 113 10.9921875 9.41666666666667 0.916015625 12 5 2 13 12 0.60546875 2 1.05078125 none 0 random9_12_1 rip 3 63469501021 63479160004
4 9 1 8 12 0.288888888888889 11.625379 113 11.5390625 9.41666666666667 0.961588541666667 12 5 2 12 12 0.625 9 1.08984375 none 0 random9_12_1 rip 4 63575797124 63587422503
4 9 1 8 12 0.288888888888889 9.675312 111 10.91015625 9.25 0.9091796875 12 5 2 13 12 0.5859375 2 1.05078125 none 0 random9_12_1 rip 5 63682991072 63692666384
4 9 1 8 12 0.288888888888889 9.697752 105 11.0546875 8.75 0.921223958333333 12 5 2 11 12 0.625 6 1.04296875 none 0 random9_12_1 rip 6 63788260328 63797958080
4 9 1 8 12 0.288888888888889 11.567961 121 12.08203125 10.0833333333333 1.0068359375 12 6 2 14 12 0.71484375 10 1.17578125 none 0 random9_12_1 rip 7 63894470819 63906038780
4 9 1 8 12 0.288888888888889 11.234635 113 11.6953125 9.41666666666667 0.974609375 12 5 1 12 12 0.625 10 1.1953125 none 0 random9_12_1 rip 8 64000674462 64011909097
4 9 1 8 12 0.288888888888889 9.663327 108 11.01171875 9 0.917643229166667 12 5 2 11 12 0.60546875 9 1.05078125 none 0 random9_12_1 rip 9 64107441295 64117104622
4 9 1 8 12 0.288888888888889 10.661731 106 11.1640625 8.83333333333333 0.930338541666667 12 5 2 11 12 0.625 6 1.04296875 none 0 random9_12_1 rip 10 64213691047 64224352778
4 9 1 8 12 0.288888888888889 7.664045 105 11.0546875 8.75 0.921223958333333 12 5 2 11 12 0.625 6 1.04296875 none 0 random9_12_1 rip 11 64321123643 64328787688
4 9 1 8 12 0.288888888888889 11.672109 109 11.23828125 9.08333333333333 0.9365234375 12 5 11 12 12 0.625 9 1.05078125 none 0 random9_12_1 rip 12 64427335689 64439007798
4 9 1 8 12 0.288888888888889 9.670308 108 11.20703125 9 0.933919270833333 12 5 2 11 12 0.625 9 1.05078125 none 0 random9_12_1 rip 13 64533493752 64543164060
4 9 1 8 12 0.288888888888889 11.663633 114 11.4921875 9.5 0.957682291666667 12 5 2 12 12 0.625 9 1.109375 none 0 random9_12_1 rip 14 64639558883 64651222516
4 9 1 8 12 0.288888888888889 8.654482 106 10.34375 8.83333333333333 0.861979166666667 12 5 2 12 12 0.5859375 4 1.00390625 none 0 random9_12_1 rip 15 64746018342 64754672824
4 9 1 8 12 0.288888888888889 11.343141 112 11.5078125 9.33333333333333 0.958984375 11 6 9 13 11 0.75390625 9 1.1484375 none 0 random9_12_2 rip 1 64852388472 64863731613
4 9 1 8 12 0.288888888888889 9.656056 114 11.8046875 9.5 0.983723958333333 11 6 5 12 11 0.75390625 5 1.17578125 none 0 random9_12_2 rip 2 64957411459 64967067515
4 9 1 8 12 0.288888888888889 11.147161 108 11.67578125 9 0.972981770833333 11 6 9 13 11 0.75390625 5 1.14453125 none 0 random9_12_2 rip 3 65063488046 65074635207
4 9 1 8 12 0.288888888888889 10.699208 113 11.83203125 9.41666666666667 0.986002604166667 11 6 10 12 11 0.75390625 5 1.1640625 none 0 random9_12_2 rip 4 65168691738 65179390946
4 9 1 8 12 0.288888888888889 10.979654 110 11.54296875 9.16666666666667 0.9619140625 11 6 2 11 11 0.75390625 5 1.07421875 none 0 random9_12_2 rip 5 65276022377 65287002031
4 9 1 8 12 0.288888888888889 9.664817 110 11.66015625 9.16666666666667 0.9716796875 11 6 9 11 11 0.75390625 6 1.12890625 none 0 random9_12_2 rip 6 65381169021 65390833838
4 9 1 8 12 0.288888888888889 10.665233 113 11.8125 9.41666666666667 0.984375 11 6 10 12 11 0.75390625 5 1.14453125 none 0 random9_12_2 rip 7 65485383021 65496048254
4 9 1 8 12 0.288888888888889 8.694747 110 11.66015625 9.16666666666667 0.9716796875 11 6 9 11 11 0.75390625 12 1.09765625 none 0 random9_12_2 rip 8 65591679813 65600374560
4 9 1 8 12 0.288888888888889 9.651689 114 11.86328125 9.5 0.988606770833333 11 7 5 12 11 0.8046875 5 1.1953125 none 0 random9_12_2 rip 9 65696893259 65706544948
4 9 1 8 12 0.288888888888889 9.671607 112 11.76171875 9.33333333333333 0.980143229166667 11 6 5 11 11 0.75390625 12 1.1484375 none 0 random9_12_2 rip 10 65803051258 65812722865
4 9 1 8 12 0.288888888888889 8.092662 104 10.4765625 8.66666666666667 0.873046875 11 5 9 12 11 0.68359375 5 1.125 none 0 random9_12_2 rip 11 65909834381 65917927043
4 9 1 8 12 0.288888888888889 9.65751 113 11.87109375 9.41666666666667 0.9892578125 11 5 5 13 11 0.76171875 5 1.20703125 none 0 random9_12_2 rip 12 66016511196 66026168706
4 9 1 8 12 0.288888888888889 9.667245 107 11.60546875 8.91666666666667 0.967122395833333 11 6 9 11 11 0.7734375 12 1.09765625 none 0 random9_12_2 rip 13 66122597130 66132264375
4 9 1 8 12 0.288888888888889 9.6698 114 11.86328125 9.5 0.988606770833333 11 7 5 12 11 0.8046875 5 1.17578125 none 0 random9_12_2 rip 14 66227779072 66237448872
4 9 1 8 12 0.288888888888889 10.684357 113 11.75390625 9.41666666666667 0.9794921875 11 6 5 12 11 0.75390625 5 1.17578125 none 0 random9_12_2 rip 15 66334043905 66344728262
3 9 0 9 12 0.288888888888889 14.255827 126 12.0234375 10.5 1.001953125 8 7 2 13 5 0.796875 12 1.125 none 0 random9_12_3 rip 1 66439270036 66453525863
3 9 0 9 12 0.288888888888889 11.2843 121 11.88671875 10.0833333333333 0.990559895833333 8 7 7 13 5 0.8359375 7 1.08984375 none 0 random9_12_3 rip 2 66544438105 66555722405
3 9 0 9 12 0.288888888888889 12.241795 120 11.9140625 10 0.992838541666667 8 7 7 13 5 0.8359375 4 1.08203125 none 0 random9_12_3 rip 3 66652036563 66664278358
3 9 0 9 12 0.288888888888889 16.271231 111 11.30078125 9.25 0.941731770833333 8 7 7 11 11 0.828125 4 1.08203125 none 0 random9_12_3 rip 4 66758302045 66774573276
3 9 0 9 12 0.288888888888889 11.391291 130 12.3828125 10.8333333333333 1.03190104166667 8 7 3 14 1 0.89453125 4 1.19140625 none 0 random9_12_3 rip 5 66864559864 66875951155
3 9 0 9 12 0.288888888888889 14.593762 125 12.1484375 10.4166666666667 1.01236979166667 8 7 2 13 5 0.796875 3 1.1875 none 0 random9_12_3 rip 6 66969845097 66984438859
3 9 0 9 12 0.288888888888889 14.258844 120 12.03125 10 1.00260416666667 8 7 3 12 5 0.8359375 3 1.15625 none 0 random9_12_3 rip 7 67074964576 67089223420
3 9 0 9 12 0.288888888888889 12.27127 111 11.30078125 9.25 0.941731770833333 8 7 7 11 11 0.828125 4 1.08203125 none 0 random9_12_3 rip 8 67180262197 67192533467
3 9 0 9 12 0.288888888888889 9.068274 98 10.42578125 8.16666666666667 0.868815104166667 1 7 2 9 9 0.71875 8 1.05859375 none 0 random9_12_3 rip 9 67286890335 67295958609
3 9 0 9 12 0.288888888888889 12.269417 116 11.53515625 9.66666666666667 0.961263020833333 8 7 6 12 5 0.796875 4 1.10546875 none 0 random9_12_3 rip 10 67393086377 67405355794
3 9 0 9 12 0.288888888888889 12.240159 111 11.30078125 9.25 0.941731770833333 8 7 7 11 11 0.828125 4 1.08203125 none 0 random9_12_3 rip 11 67498332154 67510572313
3 9 0 9 12 0.288888888888889 14.277252 124 12.37109375 10.3333333333333 1.03092447916667 1 7 3 13 5 0.8359375 3 1.1875 none 0 random9_12_3 rip 12 67604609036 67618886288
3 9 0 9 12 0.288888888888889 12.236962 111 11.59375 9.25 0.966145833333333 1 7 6 12 1 0.82421875 4 1.1328125 none 0 random9_12_3 rip 13 67709806494 67722043456
3 9 0 9 12 0.288888888888889 10.275045 106 10.83203125 8.83333333333333 0.902669270833333 5 7 2 11 5 0.74609375 4 1.07421875 none 0 random9_12_3 rip 14 67816008472 67826283517
3 9 0 9 12 0.288888888888889 11.233413 111 11.30078125 9.25 0.941731770833333 8 7 7 11 11 0.828125 4 1.08203125 none 0 random9_12_3 rip 15 67922298560 67933531973
3 9 1 8 14 0.333333333333333 8.644871 125 15.6640625 8.92857142857143 1.11886160714286 6 5 1 11 6 0.703125 14 1.375 none 0 random9_14_1 rip 1 68031061298 68039706169
3 9 1 8 14 0.333333333333333 11.603294 128 15.640625 9.14285714285714 1.1171875 6 5 1 11 6 0.703125 14 1.38671875 none 0 random9_14_1 rip 2 68139926342 68151529636
3 9 1 8 14 0.333333333333333 7.611521 124 15.5546875 8.85714285714286 1.11104910714286 6 5 1 11 6 0.703125 14 1.375 none 0 random9_14_1 rip 3 68247958307 68255569828
3 9 1 8 14 0.333333333333333 10.669374 129 16.0625 9.21428571428571 1.14732142857143 6 5 1 12 6 0.625 4 1.42578125 none 0 random9_14_1 rip 4 68358401530 68369070904
3 9 1 8 14 0.333333333333333 9.607577 125 15.6640625 8.92857142857143 1.11886160714286 6 5 3 11 6 0.703125 14 1.46484375 none 0 random9_14_1 rip 5 68468308457 68477916034
3 9 1 8 14 0.333333333333333 10.568001 125 15.6640625 8.92857142857143 1.11886160714286 6 5 1 11 6 0.703125 14 1.375 none 0 random9_14_1 rip 6 68577117084 68587685085
3 9 1 8 14 0.333333333333333 11.622833 123 15.6015625 8.78571428571429 1.11439732142857 6 5 1 11 6 0.703125 14 1.4140625 none 0 random9_14_1 rip 7 68686148642 68697771475
3 9 1 8 14 0.333333333333333 11.595991 131 15.79296875 9.35714285714286 1.12806919642857 6 5 1 12 6 0.703125 14 1.40625 none 0 random9_14_1 rip 8 68794882840 68806478831
3 9 1 8 14 0.333333333333333 10.562035 123 15.6015625 8.78571428571429 1.11439732142857 6 5 3 11 6 0.703125 14 1.46484375 none 0 random9_14_1 rip 9 68903978152 68914540187
3 9 1 8 14 0.333333333333333 9.567537 108 14.78125 7.71428571428571 1.05580357142857 6 4 8 11 6 0.65234375 8 1.359375 none 0 random9_14_1 rip 10 69013761482 69023329019
3 9 1 8 14 0.333333333333333 10.065059 128 16.24609375 9.14285714285714 1.16043526785714 6 5 1 11 6 0.703125 14 1.45703125 none 0 random9_14_1 rip 11 69122809447 69132874506
3 9 1 8 14 0.333333333333333 9.65659 122 14.828125 8.71428571428571 1.05915178571429 6 5 1 12 6 0.625 4 1.42578125 none 0 random9_14_1 rip 12 69231046024 69240702614
3 9 1 8 14 0.333333333333333 9.591133 125 15.6640625 8.92857142857143 1.11886160714286 6 5 1 11 6 0.703125 14 1.375 none 0 random9_14_1 rip 13 69340275693 69349866826
3 9 1 8 14 0.333333333333333 9.583126 123 15.6015625 8.78571428571429 1.11439732142857 6 5 1 11 6 0.703125 14 1.375 none 0 random9_14_1 rip 14 69450372548 69459955674
3 9 1 8 14 0.333333333333333 9.693675 122 16.234375 8.71428571428571 1.15959821428571 6 5 1 10 6 0.625 2 1.3671875 none 0 random9_14_1 rip 15 69560677467 69570371142
3 9 0 9 14 0.333333333333333 13.086229 140 16.7578125 10 1.19698660714286 8 8 1 11 2 0.9375 1 1.49609375 none 0 random9_14_2 rip 1 69671154434 69684240663
3 9 0 9 14 0.333333333333333 10.095551 137 16.60546875 9.78571428571429 1.18610491071429 8 8 1 11 2 0.9375 1 1.49609375 none 0 random9_14_2 rip 2 69780269683 69790365234
3 9 0 9 14 0.333333333333333 11.079613 115 15.48828125 8.21428571428571 1.10630580357143 3 7 4 10 9 0.875 1 1.43359375 none 0 random9_14_2 rip 3 69889396151 69900475764
3 9 0 9 14 0.333333333333333 10.072327 137 16.60546875 9.78571428571429 1.18610491071429 8 8 1 11 2 0.9375 1 1.53515625 none 0 random9_14_2 rip 4 69998355626 70008427953
3 9 0 9 14 0.333333333333333 10.685175 141 16.84765625 10.0714285714286 1.20340401785714 8 8 13 12 2 0.9765625 7 1.515625 none 0 random9_14_2 rip 5 70107715544 70118400719
3 9 0 9 14 0.333333333333333 9.042768 109 12.68359375 7.78571428571429 0.905970982142857 3 7 6 9 5 0.69921875 11 1.20703125 none 0 random9_14_2 rip 6 70216847519 70225890287
3 9 0 9 14 0.333333333333333 12.069948 137 16.60546875 9.78571428571429 1.18610491071429 8 8 1 11 2 0.9375 1 1.49609375 none 0 random9_14_2 rip 7 70325817201 70337887149
3 9 0 9 14 0.333333333333333 9.087992 137 16.60546875 9.78571428571429 1.18610491071429 8 8 1 11 2 0.9375 1 1.49609375 none 0 random9_14_2 rip 8 70436167389 70445255381
3 9 0 9 14 0.333333333333333 12.081885 146 16.828125 10.4285714285714 1.20200892857143 3 8 1 12 2 0.91796875 1 1.5078125 none 0 random9_14_2 rip 9 70544578580 70556660465
3 9 0 9 14 0.333333333333333 13.077224 137 16.7421875 9.78571428571429 1.19587053571429 8 8 1 11 9 0.96484375 1 1.49609375 none 0 random9_14_2 rip 10 70653601578 70666678802
3 9 0 9 14 0.333333333333333 8.986251 131 14.9921875 9.35714285714286 1.07087053571429 8 8 5 11 9 0.73828125 11 1.42578125 none 0 random9_14_2 rip 11 70761953974 70770940225
3 9 0 9 14 0.333333333333333 10.010814 142 16.8203125 10.1428571428571 1.20145089285714 8 8 1 12 2 0.9375 1 1.52734375 none 0 random9_14_2 rip 12 70871903847 70881914661
3 9 0 9 14 0.333333333333333 15.120544 146 17.21875 10.4285714285714 1.22991071428571 3 8 1 13 2 0.91796875 1 1.51953125 none 0 random9_14_2 rip 13 70980966016 70996086560
3 9 0 9 14 0.333333333333333 8.969557 123 14.83984375 8.78571428571429 1.05998883928571 3 8 7 10 2 0.84765625 7 1.4453125 none 0 random9_14_2 rip 14 71090957581 71099927138
3 9 0 9 14 0.333333333333333 10.082043 137 16.60546875 9.78571428571429 1.18610491071429 8 8 1 11 2 0.9375 1 1.49609375 none 0 random9_14_2 rip 15 71200285562 71210367605
3 9 1 8 14 0.333333333333333 9.313574 113 14.7421875 8.07142857142857 1.05301339285714 5 5 1 11 8 0.734375 2 1.265625 none 0 random9_14_3 rip 1 71309760091 71319073665
3 9 1 8 14 0.333333333333333 10.313968 114 14.79296875 8.14285714285714 1.056640625 5 5 1 11 8 0.734375 4 1.2578125 none 0 random9_14_3 rip 2 71419051268 71429365236
3 9 1 8 14 0.333333333333333 9.319948 113 14.7421875 8.07142857142857 1.05301339285714 5 5 1 11 8 0.734375 4 1.2578125 none 0 random9_14_3 rip 3 71527145377 71536465325
3 9 1 8 14 0.333333333333333 12.260093 132 16.9375 9.42857142857143 1.20982142857143 8 7 1 13 8 0.7265625 2 1.484375 none 0 random9_14_3 rip 4 71636004246 71648264339
3 9 1 8 14 0.333333333333333 9.347312 114 14.79296875 8.14285714285714 1.056640625 5 5 1 11 8 0.734375 4 1.2578125 none 0 random9_14_3 rip 5 71745042774 71754390086
3 9 1 8 14 0.333333333333333 11.319819 114 14.79296875 8.14285714285714 1.056640625 5 5 1 11 8 0.734375 2 1.265625 none 0 random9_14_3 rip 6 71854241595 71865561414
3 9 1 8 14 0.333333333333333 14.279674 119 16.1796875 8.5 1.15569196428571 8 6 1 11 8 0.67578125 2 1.484375 none 0 random9_14_3 rip 7 71962300427 71976580101
3 9 1 8 14 0.333333333333333 10.32936 114 14.79296875 8.14285714285714 1.056640625 5 5 1 11 8 0.734375 4 1.2578125 none 0 random9_14_3 rip 8 72072294051 72082623411
3 9 1 8 14 0.333333333333333 9.282424 115 15.80078125 8.21428571428571 1.12862723214286 5 5 1 11 5 0.78125 1 1.37890625 none 0 random9_14_3 rip 9 72180615931 72189898355
3 9 1 8 14 0.333333333333333 11.315219 118 14.9375 8.42857142857143 1.06696428571429 5 5 1 11 8 0.765625 4 1.2578125 none 0 random9_14_3 rip 10 72288961007 72300276226
3 9 1 8 14 0.333333333333333 8.335488 114 14.79296875 8.14285714285714 1.056640625 5 5 1 11 8 0.734375 4 1.2578125 none 0 random9_14_3 rip 11 72397015170 72405350658
3 9 1 8 14 0.333333333333333 10.298528 113 14.7421875 8.07142857142857 1.05301339285714 5 5 1 11 8 0.734375 4 1.2578125 none 0 random9_14_3 rip 12 72504975126 72515273654
3 9 1 8 14 0.333333333333333 9.342524 114 14.79296875 8.14285714285714 1.056640625 5 5 1 11 8 0.734375 2 1.265625 none 0 random9_14_3 rip 13 72613154747 72622497271
3 9 1 8 14 0.333333333333333 8.303112 113 14.7421875 8.07142857142857 1.05301339285714 5 5 1 11 8 0.734375 4 1.2578125 none 0 random9_14_3 rip 14 72722161904 72730465016
3 9 1 8 14 0.333333333333333 11.335545 116 15.12890625 8.28571428571429 1.08063616071429 5 6 1 11 8 0.734375 4 1.2578125 none 0 random9_14_3 rip 15 72829356691 72840692236
3 9 0 9 15 0.355555555555556 14.158355 160 20 10.6666666666667 1.33333333333333 12 7 2 12 11 1.0546875 4 1.52734375 none 0 random9_15_1 rip 1 72938306331 72952464686
3 9 0 9 15 0.355555555555556 10.679807 151 19.5625 10.0666666666667 1.30416666666667 12 7 2 12 9 1.0625 10 1.4765625 none 0 random9_15_1 rip 2 73050664823 73061344630
3 9 0 9 15 0.355555555555556 9.648592 142 19.0078125 9.46666666666667 1.2671875 12 7 4 11 9 1.08203125 13 1.43359375 none 0 random9_15_1 rip 3 73161014639 73170663231
3 9 0 9 15 0.355555555555556 8.667921 143 19.0390625 9.53333333333333 1.26927083333333 12 7 4 11 9 1.08203125 12 1.41015625 none 0 random9_15_1 rip 4 73271153769 73279821690
3 9 0 9 15 0.355555555555556 11.683772 147 19.1640625 9.8 1.27760416666667 12 7 6 12 9 1.1015625 12 1.44921875 none 0 random9_15_1 rip 5 73382296777 73393980549
3 9 0 9 15 0.355555555555556 9.688897 148 19.15625 9.86666666666667 1.27708333333333 12 7 4 12 9 1.1015625 12 1.44921875 none 0 random9_15_1 rip 6 73492920576 73502609473
3 9 0 9 15 0.355555555555556 10.495303 147 20.00390625 9.8 1.33359375 12 7 4 13 9 1.08984375 4 1.59765625 none 0 random9_15_1 rip 7 73604498053 73614993356
3 9 0 9 15 0.355555555555556 11.225591 143 19.33203125 9.53333333333333 1.28880208333333 12 7 4 11 5 0.984375 4 1.45703125 none 0 random9_15_1 rip 8 73714785581 73726011172
3 9 0 9 15 0.355555555555556 9.683247 146 19.19140625 9.73333333333333 1.27942708333333 12 7 6 12 9 1.0703125 12 1.44921875 none 0 random9_15_1 rip 9 73825978742 73835661989
3 9 0 9 15 0.355555555555556 8.675513 143 19.0390625 9.53333333333333 1.26927083333333 12 7 4 11 9 1.08203125 12 1.44921875 none 0 random9_15_1 rip 10 73937263948 73945939461
3 9 0 9 15 0.355555555555556 10.305133 152 19.33984375 10.1333333333333 1.28932291666667 12 7 10 13 13 1.1015625 12 1.41015625 none 0 random9_15_1 rip 11 74048661468 74058966601
3 9 0 9 15 0.355555555555556 8.67913 141 18.91796875 9.4 1.26119791666667 12 7 4 11 9 1.0703125 12 1.41015625 none 0 random9_15_1 rip 12 74159914153 74168593283
3 9 0 9 15 0.355555555555556 13.146665 160 20 10.6666666666667 1.33333333333333 12 7 2 12 11 1.0546875 4 1.52734375 none 0 random9_15_1 rip 13 74270277346 74283424011
3 9 0 9 15 0.355555555555556 9.366249 143 19.078125 9.53333333333333 1.271875 8 7 7 12 14 1.0390625 12 1.44921875 none 0 random9_15_1 rip 14 74381601828 74390968077
3 9 0 9 15 0.355555555555556 8.667542 145 19.140625 9.66666666666667 1.27604166666667 12 7 2 11 9 1.0703125 12 1.44921875 none 0 random9_15_1 rip 15 74492832659 74501500201
3 9 2 7 15 0.355555555555556 13.235204 134 18.5234375 8.93333333333333 1.23489583333333 2 4 4 11 2 0.69140625 10 1.58203125 none 0 random9_15_2 rip 1 74603151345 74616386549
3 9 2 7 15 0.355555555555556 14.212375 148 19.13671875 9.86666666666667 1.27578125 2 4 4 13 2 0.69140625 10 1.58203125 none 0 random9_15_2 rip 2 74713559682 74727772057
3 9 2 7 15 0.355555555555556 13.254346 124 18.2109375 8.26666666666667 1.2140625 2 4 4 10 2 0.69140625 10 1.58203125 none 0 random9_15_2 rip 3 74822832825 74836087171
3 9 2 7 15 0.355555555555556 10.24095 116 17.43359375 7.73333333333333 1.16223958333333 2 4 1 9 2 0.69140625 3 1.4296875 none 0 random9_15_2 rip 4 74933035735 74943276685
3 9 2 7 15 0.355555555555556 13.248305 137 18.578125 9.13333333333333 1.23854166666667 2 4 4 13 2 0.6328125 3 1.58203125 none 0 random9_15_2 rip 5 75044375360 75057623665
3 9 2 7 15 0.355555555555556 13.268957 134 18.5234375 8.93333333333333 1.23489583333333 2 4 4 11 2 0.69140625 3 1.53125 none 0 random9_15_2 rip 6 75155515976 75168784933
3 9 2 7 15 0.355555555555556 14.230061 132 18.0703125 8.8 1.2046875 2 4 3 11 2 0.6328125 3 1.671875 none 0 random9_15_2 rip 7 75264767704 75278997765
3 9 2 7 15 0.355555555555556 13.233344 136 18.68359375 9.06666666666667 1.24557291666667 2 4 4 11 2 0.69140625 10 1.58203125 none 0 random9_15_2 rip 8 75376033588 75389266932
3 9 2 7 15 0.355555555555556 14.239173 145 19.0234375 9.66666666666667 1.26822916666667 2 4 4 13 2 0.69140625 10 1.50390625 none 0 random9_15_2 rip 9 75486500894 75500740067
3 9 2 7 15 0.355555555555556 13.255429 138 18.7265625 9.2 1.2484375 2 4 4 12 2 0.69140625 10 1.54296875 none 0 random9_15_2 rip 10 75596945070 75610200499
3 9 2 7 15 0.355555555555556 9.243101 122 17.85546875 8.13333333333333 1.19036458333333 2 4 1 9 2 0.69140625 10 1.453125 none 0 random9_15_2 rip 11 75707702048 75716945149
3 9 2 7 15 0.355555555555556 10.25256 134 18.5234375 8.93333333333333 1.23489583333333 2 4 4 11 2 0.69140625 10 1.58203125 none 0 random9_15_2 rip 12 75819100878 75829353438
3 9 2 7 15 0.355555555555556 9.248777 134 18.58203125 8.93333333333333 1.23880208333333 2 4 4 11 2 0.69140625 10 1.58203125 none 0 random9_15_2 rip 13 75929350235 75938599012
3 9 2 7 15 0.355555555555556 10.708792 134 18.5234375 8.93333333333333 1.23489583333333 2 4 4 11 2 0.69140625 10 1.58203125 none 0 random9_15_2 rip 14 76038505428 76049214220
3 9 2 7 15 0.355555555555556 13.257667 134 18.5234375 8.93333333333333 1.23489583333333 2 4 4 11 2 0.69140625 10 1.58203125 none 0 random9_15_2 rip 15 76148703345 76161961012
3 9 1 8 15 0.355555555555556 9.67992 150 17.2265625 10 1.1484375 15 4 4 14 15 0.671875 2 1.60546875 none 0 random9_15_3 rip 1 76258974491 76268654411
3 9 1 8 15 0.355555555555556 11.571506 170 19.90234375 11.3333333333333 1.32682291666667 15 4 9 15 15 0.671875 3 1.6171875 none 0 random9_15_3 rip 2 76370352519 76381924025
3 9 1 8 15 0.355555555555556 10.708624 157 18.6953125 10.4666666666667 1.24635416666667 15 4 4 13 15 0.69140625 5 1.4609375 none 0 random9_15_3 rip 3 76479943483 76490652107
3 9 1 8 15 0.355555555555556 10.697725 146 18.09765625 9.73333333333333 1.20651041666667 15 4 1 11 15 0.69140625 2 1.43359375 none 0 random9_15_3 rip 4 76590211358 76600909083
3 9 1 8 15 0.355555555555556 9.705201 127 17.69921875 8.46666666666667 1.17994791666667 15 4 3 10 15 0.69140625 3 1.42578125 none 0 random9_15_3 rip 5 76701508910 76711214111
3 9 1 8 15 0.355555555555556 10.668779 158 18.70703125 10.5333333333333 1.24713541666667 15 4 5 13 15 0.69140625 3 1.4765625 none 0 random9_15_3 rip 6 76813070970 76823739749
3 9 1 8 15 0.355555555555556 10.710956 162 19.59375 10.8 1.30625 15 4 12 14 15 0.69140625 4 1.5390625 none 0 random9_15_3 rip 7 76923422518 76934133474
3 9 1 8 15 0.355555555555556 9.709404 152 18.34375 10.1333333333333 1.22291666666667 15 4 12 13 15 0.69140625 2 1.43359375 none 0 random9_15_3 rip 8 77033762832 77043472236
3 9 1 8 15 0.355555555555556 9.680305 155 18.3984375 10.3333333333333 1.2265625 15 4 12 13 15 0.69140625 2 1.43359375 none 0 random9_15_3 rip 9 77145013541 77154693846
3 9 1 8 15 0.355555555555556 10.490936 154 19.44140625 10.2666666666667 1.29609375 15 4 12 14 15 0.69140625 4 1.546875 none 0 random9_15_3 rip 10 77254500903 77264991839
3 9 1 8 15 0.355555555555556 11.691579 153 18.16015625 10.2 1.21067708333333 15 4 4 13 15 0.671875 2 1.60546875 none 0 random9_15_3 rip 11 77365799539 77377491118
3 9 1 8 15 0.355555555555556 9.260913 124 16.16015625 8.26666666666667 1.07734375 15 4 1 10 15 0.671875 2 1.50390625 none 0 random9_15_3 rip 12 77476738602 77485999515
3 9 1 8 15 0.355555555555556 8.682242 158 18.609375 10.5333333333333 1.240625 15 4 5 13 15 0.69140625 3 1.4765625 none 0 random9_15_3 rip 13 77588349350 77597031592
3 9 1 8 15 0.355555555555556 8.951807 107 13.8125 7.13333333333333 0.920833333333333 15 4 3 9 12 0.2734375 2 1.40234375 none 0 random9_15_3 rip 14 77699762443 77708714250
3 9 1 8 15 0.355555555555556 9.705507 144 18.09375 9.6 1.20625 15 4 4 11 15 0.69140625 2 1.43359375 none 0 random9_15_3 rip 15 77809030903 77818736410
3 9 0 9 20 0.466666666666667 9.068383 173 30.11328125 8.65 1.5056640625 8 7 5 10 8 1.01953125 15 1.78515625 none 0 random9_20_3 rip 1 1749118500 1758186883
3 9 0 9 20 0.466666666666667 7.091863 172 31.3125 8.6 1.565625 13 7 1 9 3 1.2578125 17 1.82421875 none 0 random9_20_3 rip 1 2220785525 2227877388
3 9 0 9 20 0.466666666666667 11.077792 194 33.89453125 9.7 1.6947265625 7 7 1 13 3 1.23046875 11 1.921875 none 0 random9_20_3 rip 2 2350534536 2361612328
3 9 0 9 20 0.466666666666667 14.065561 193 33.62890625 9.65 1.6814453125 7 7 1 13 5 1.16015625 9 1.9296875 none 0 random9_20_3 rip 1 5361782946 5375848507
3 9 0 9 20 0.466666666666667 16.076039 200 34.4140625 10 1.720703125 8 7 4 13 10 1.37109375 19 1.99609375 none 0 random9_20_3 rip 2 5490910998 5506987037
3 9 0 9 20 0.466666666666667 10.061565 169 30.26171875 8.45 1.5130859375 8 6 4 10 8 1.22265625 19 1.8359375 none 0 random9_20_3 rip 3 5620080569 5630142134
3 9 0 9 20 0.466666666666667 12.059939 199 33.93359375 9.95 1.6966796875 8 7 1 13 3 1.3125 15 1.92578125 none 0 random9_20_3 rip 4 5751074447 5763134386
3 9 0 9 20 0.466666666666667 8.081243 164 29.63671875 8.2 1.4818359375 7 6 4 10 8 0.94921875 18 1.8515625 none 0 random9_20_3 rip 5 5880728073 5888809316
3 9 0 9 20 0.466666666666667 12.069076 194 33.46484375 9.7 1.6732421875 17 8 16 12 3 1.21875 16 1.859375 none 0 random9_20_3 rip 6 6009470354 6021539430
3 9 0 9 20 0.466666666666667 10.072391 175 30.546875 8.75 1.52734375 8 6 4 11 3 1.1796875 19 1.8359375 none 0 random9_20_3 rip 7 6137863653 6147936044
3 9 0 9 20 0.466666666666667 9.077494 172 30.296875 8.6 1.51484375 8 6 4 10 8 1.0078125 19 1.8359375 none 0 random9_20_3 rip 8 6268265789 6277343283
3 9 0 9 20 0.466666666666667 10.066694 196 33.5078125 9.8 1.675390625 6 7 1 13 3 1.38671875 17 1.85546875 none 0 random9_20_3 rip 9 6399275123 6409341817
3 9 0 9 20 0.466666666666667 7.077459 150 29.35546875 7.5 1.4677734375 7 6 4 9 8 0.98046875 15 1.78125 none 0 random9_20_3 rip 10 6528937105 6536014564
3 9 0 9 20 0.466666666666667 9.07166 173 30.09375 8.65 1.5046875 8 7 1 10 8 1.1953125 18 1.74609375 none 0 random9_20_3 rip 11 6658650586 6667722246
3 9 0 9 20 0.466666666666667 9.100293 182 31.87890625 9.1 1.5939453125 6 7 5 11 3 1.2265625 16 1.85546875 none 0 random9_20_3 rip 12 6788349170 6797449463
3 9 0 9 25 0.577777777777778 10.079612 258 53.921875 10.32 2.156875 8 7 21 14 4 1.68359375 22 2.39453125 none 0 random9_25_3 rip 1 6924045379 6934124991
3 9 0 9 25 0.577777777777778 11.046358 251 54.42578125 10.04 2.17703125 8 7 4 13 1 1.78125 11 2.47265625 none 0 random9_25_3 rip 2 7060430272 7071476630
3 9 0 9 25 0.577777777777778 10.083041 216 47.51171875 8.64 1.90046875 8 7 3 10 8 1.46875 24 2.40234375 none 0 random9_25_3 rip 1 39474383252 39484466293
3 9 0 9 25 0.577777777777778 7.085711 189 35.75 7.56 1.43 8 6 5 10 4 0.86328125 6 2.33203125 none 0 random9_25_3 rip 2 39609971452 39617057163
3 9 0 9 25 0.577777777777778 7.095985 216 49.89453125 8.64 1.99578125 8 6 4 10 4 1.484375 24 2.3828125 none 0 random9_25_3 rip 3 39746490308 39753586293
3 9 0 9 25 0.577777777777778 8.066306 177 43.65625 7.08 1.74625 8 6 4 9 9 1.22265625 24 2.30078125 none 0 random9_25_3 rip 4 39881708852 39889775158
3 9 0 9 25 0.577777777777778 7.07709 212 47.2109375 8.48 1.8884375 8 5 3 10 8 1.15234375 24 2.44140625 none 0 random9_25_3 rip 5 40019240360 40026317450
3 9 0 9 25 0.577777777777778 12.069987 262 54.41796875 10.48 2.17671875 8 7 21 14 4 1.63671875 8 2.42578125 none 0 random9_25_3 rip 6 40153227660 40165297647
3 9 0 9 25 0.577777777777778 9.086904 212 47.89453125 8.48 1.91578125 8 5 4 11 8 1.171875 19 2.3828125 none 0 random9_25_3 rip 7 40291047122 40300134026
3 9 0 9 25 0.577777777777778 8.066659 176 42.94140625 7.04 1.71765625 8 6 4 9 9 1.203125 24 2.37890625 none 0 random9_25_3 rip 8 40428699471 40436766130
3 9 0 9 25 0.577777777777778 8.086485 208 47.61328125 8.32 1.90453125 8 6 4 11 8 1.3984375 24 2.36328125 none 0 random9_25_3 rip 9 40565355514 40573441999
3 9 0 9 25 0.577777777777778 11.095742 215 54.00390625 8.6 2.16015625 6 6 3 10 4 1.54296875 20 2.4375 none 0 random9_25_3 rip 10 40702913716 40714009458
3 9 0 9 25 0.577777777777778 11.052237 208 48.08203125 8.32 1.92328125 8 5 4 11 8 1.171875 24 2.51953125 none 0 random9_25_3 rip 11 40839786728 40850838965
3 9 0 9 25 0.577777777777778 8.08862 207 47.89453125 8.28 1.91578125 8 6 4 10 8 1.1640625 22 2.359375 none 0 random9_25_3 rip 12 40975889215 40983977835
3 9 0 9 25 0.577777777777778 8.081307 171 41.125 6.84 1.645 7 5 4 9 8 1.171875 24 2.3203125 none 0 random9_25_3 rip 13 41110862211 41118943518
