3 9 0 9 12 0.333333 11.680072 8.021215 9.86389784615385 121 93 111.538461538462 12 5 9.29487179487179 12.5703125 9.80078125 11.71875 0.976562499999999 crown3
4 12 0 12 16 0.242424 15.85033 10.568698 13.1667113846154 197 142 173.615384615385 16 7 10.8509615384615 21.90625 18.65625 20.8055889423077 1.30034930889423 crown4
5 15 0 15 20 0.190476 17.679814 11.446203 14.4488138461538 262 201 236.307692307692 18 7 11.8153846153846 33.140625 30.421875 32.1201923076923 1.60600961538462 crown5
6 18 0 18 24 0.156863 16.304335 13.100355 14.8665156923077 329 267 296.307692307692 20 7 12.3461538461538 49.25390625 42.8359375 44.6487379807692 1.86036408253205 crown6
6 21 0 21 28 0.133333 18.92367 12.849657 16.5597426923077 391 334 364.307692307692 18 8 13.010989010989 67.87890625 56.42578125 61.8368389423077 2.20845853365385 crown7
7 24 0 24 32 0.115942 21.94621 16.053938 19.166934 531 426 488 23 10 15.25 104.20703125 75.51953125 90.9546274038462 2.84233210637019 crown8
7 27 0 27 36 0.102564 22.292887 18.004161 20.2302343846154 643 556 608.153846153846 23 10 16.8931623931624 132.34765625 102.40234375 117.983173076923 3.27731036324786 crown9
8 30 0 30 40 0.091954 24.475854 19.408715 21.9230115384615 826 652 737.076923076923 27 12 18.4269230769231 179.07421875 130.3984375 156.693509615385 3.91733774038462 crown10
8 33 0 33 44 0.0833333 25.46379 18.387479 22.8444560769231 960 761 882.769230769231 27 11 20.0629370629371 208.84375 175.24609375 191.748197115385 4.35791357080419 crown11
9 36 0 36 48 0.0761905 26.748282 21.556038 23.5830651538462 1042 887 966.923076923077 26 13 20.1442307692308 244.87109375 208.98828125 230.004507211538 4.79176056690705 crown12
9 39 0 39 52 0.0701754 30.562638 23.985093 26.8010092307692 1306 1098 1156.92307692308 32 16 22.2485207100592 309.484375 269.76953125 282.475961538462 5.4322300295858 crown13
10 42 0 42 56 0.0650407 30.489859 22.383886 26.4918617692308 1628 1216 1356.30769230769 38 17 24.2197802197802 326.8046875 272.1015625 297.064603365385 5.30472506009615 crown14
10 45 0 45 60 0.0606061 31.060594 20.532091 25.6530186153846 1735 1274 1487 36 17 24.7833333333333 393.8671875 285.8671875 331.9375 5.53229166666667 crown15
11 48 0 48 64 0.0567376 31.491272 23.571997 27.4456086923077 1809 1514 1683.07692307692 36 18 26.2980769230769 435.90234375 357.546875 389.649939903846 6.0882803109976 crown16
4 9 0 9 12 0.333333 14.988213 9.105966 12.3160181538462 138 111 125.230769230769 17 7 10.4358974358974 12.5546875 11.3203125 11.7545072115385 0.979542267628205 square3
6 16 0 16 24 0.2 19.123587 10.191974 14.7019500769231 369 244 310.461538461538 19 8 12.9358974358974 50.76953125 38.46484375 43.734375 1.822265625 square4
8 25 0 25 40 0.133333 21.142049 15.285865 18.2714987692308 760 542 671.153846153846 25 10 16.7788461538462 149.46484375 105.66796875 128.907752403846 3.22269381009615 square5
10 36 0 36 60 0.0952381 23.522337 18.628786 21.1742113846154 1482 1169 1305.84615384615 32 14 21.7641025641026 364.953125 279.94140625 325.091045673077 5.41818409455128 square6
12 49 0 49 84 0.0714286 26.175052 20.113863 22.8642285384615 2530 1967 2253.07692307692 37 17 26.8223443223443 738.3984375 525.4296875 655.869891826923 7.80797490270146 square7
