2 4 0 4 5 0.833333 8.005448 3.997905 5.5631435 28 26 27.0555555555556 6 5 5.41111111111111 1.8515625 1.6328125 1.72439236111111 0.344878472222222 mesh04-1
2 5 0 5 9 0.9 10.018114 3.011458 5.50744677777778 69 49 52.3333333333333 9 5 5.81481481481481 6.84375 4.265625 4.90256076388889 0.544728973765432 mesh05-1
2 6 0 6 14 0.933333 10.022942 4.018088 7.57753733333333 112 72 87.7777777777778 10 5 6.26984126984127 16.6640625 9.51171875 12.3871527777778 0.884796626984128 mesh06-1
2 7 0 7 20 0.952381 7.004619 3.027737 4.57604422222222 122 106 109.833333333333 7 5 5.49166666666667 19.5234375 17.59765625 18.5451388888889 0.927256944444445 mesh07-1
2 8 0 8 27 0.964286 9.067967 3.004842 6.58120616666667 230 142 174.722222222222 11 5 6.47119341563786 57.796875 31.05859375 40.7834201388889 1.51049704218107 mesh08-1
2 9 0 9 35 0.972222 9.102883 2.013471 5.96646188888889 358 220 246.5 12 5 7.04285714285714 94.65234375 52.6015625 60.8921440972222 1.73977554563492 mesh09-1
2 10 0 10 44 0.977778 7.142202 2.037565 4.87084961111111 552 306 334.833333333333 14 5 7.60984848484848 165.19921875 81.06640625 90.8888888888889 2.06565656565657 mesh10-1
2 11 0 11 54 0.981818 15.078852 3.019267 7.27921638888889 797 396 511.388888888889 17 5 9.47016460905351 263.421875 119.54296875 160.354817708333 2.96953366126543 mesh11-1
2 12 0 12 65 0.984848 8.147517 2.003599 4.59609788888889 997 551 597.555555555556 18 5 9.19316239316239 340.90234375 171.41796875 189.253038194444 2.91158520299145 mesh12-1
2 13 0 13 77 0.987179 7.039375 2.185041 4.685178375 829 683 736.75 15 5 9.56818181818182 317.72265625 234.8203125 262.33251953125 3.40691583806818 mesh13-1
