1 3 0 3 3 1 7.007934 2.034288 4.95181088888889 15 15 15 6 4 5 0.80078125 0.76171875 0.774739583333333 0.258246527777778 mesh03
1 4 0 4 6 1 8.005448 2.008369 5.63722181578947 44 26 30.6052631578947 9 5 5.55175438596491 3.2109375 1.6328125 2.05581825657895 0.371426123903509 mesh04
1 5 0 5 10 1 10.018114 2.995903 5.66426202631579 69 49 53.6052631578947 9 5 5.65029239766082 6.84375 4.265625 5.10752467105263 0.537911184210526 mesh05
1 6 0 6 15 1 11.019978 2.9967 6.49527978947368 125 72 86.3421052631579 11 5 5.97593984962406 17.44140625 9.51171875 11.9046052631579 0.824578046679198 mesh06
1 7 0 7 21 1 10.068835 2.026682 5.23375281578947 167 106 116.052631578947 10 5 5.6640350877193 35.58984375 17.59765625 20.4487047697368 0.997019893483709 mesh07
1 8 0 8 28 1 14.029368 2.016851 6.66266534210526 266 142 178.078947368421 11 5 6.48249094959621 66.3984375 31.05859375 41.9434621710526 1.52669298028056 mesh08
1 9 0 9 36 1 13.045258 2.013471 6.70214713157895 449 220 270.052631578947 15 5 7.6016081871345 114.33984375 52.6015625 67.3793174342105 1.89649865222953 mesh09
1 10 0 10 45 1 10.109178 2.037565 5.71906865789474 552 306 341.973684210526 14 5 7.68685539606592 165.19921875 81.06640625 93.3156866776316 2.09762130972554 mesh10
1 11 0 11 55 1 15.078852 3.019267 6.59604365789474 816 396 512.5 17 5 9.39974304447989 268.29296875 119.54296875 161.183696546053 2.95618759552764 mesh11
1 12 0 12 66 1 8.147517 2.003599 4.90284592857143 997 551 609.107142857143 18 5 9.32673992673992 340.90234375 171.41796875 194.1259765625 2.97250028617216 mesh12
1 13 0 13 78 1 11.118379 2.185041 5.950888 1552 683 821.5 23 5 10.5930920930921 532.93359375 230.17578125 289.020399305556 3.72704205516705 mesh13
1 14 0 14 91 1 11.042047 4.071472 7.437569375 2025 955 1392.75 25 7 15.3049450549451 749.51171875 342.6953125 512.9619140625 5.63694411057692 mesh14
