6 12 3 9 15 0.227273 15.486716 10.396233 12.5463509230769 144 126 137.307692307692 13 4 9.15384615384616 17.046875 16.07421875 16.6841947115385 1.1122796474359 random12_15_6_1
6 12 4 8 15 0.227273 13.52132 8.240056 11.2742565384615 141 110 123.923076923077 13 4 8.26153846153846 17.1015625 14.765625 16.25390625 1.08359375 random12_15_6_2
6 12 1 11 15 0.227273 15.341961 8.324486 12.467045 169 146 162.230769230769 14 7 10.8153846153846 17.25390625 16.14453125 16.8831129807692 1.12554086538462 random12_15_6_3
4 11 1 10 15 0.272727 15.765374 11.394448 13.7111306153846 167 143 155.923076923077 14 6 10.3948717948718 17.93359375 16.75390625 17.5408653846154 1.16939102564103 random13_15_1
4 12 5 7 15 0.227273 17.876358 11.134399 14.581057 159 125 146.923076923077 14 4 9.79487179487179 17.56640625 15.44921875 16.7277644230769 1.11518429487179 random13_15_2
4 12 3 9 15 0.227273 16.751656 10.676231 13.7349683076923 155 124 142.538461538462 14 6 9.5025641025641 17.6015625 15.73046875 17.1150841346154 1.14100560897436 random13_15_3
6 13 4 9 15 0.192308 19.843418 12.837894 15.5764246923077 193 123 160 17 6 10.6666666666667 21.03125 13.6875 16.4738581730769 1.09825721153846 random13_15_6_1
6 13 3 10 15 0.192308 18.37217 12.819554 15.4484650769231 179 148 161.153846153846 17 6 10.7435897435898 19.20703125 15.44140625 16.6511418269231 1.11007612179487 random13_15_6_2
6 13 5 8 15 0.192308 15.49674 9.077554 12.5639703846154 144 120 132.384615384615 14 5 8.82564102564102 15.3125 14.0625 14.8100961538462 0.987339743589743 random13_15_6_3
4 12 4 8 15 0.227273 14.75626 10.237225 12.7386996923077 160 125 135.692307692308 14 6 9.04615384615385 17.24609375 15.46875 16.2971754807692 1.08647836538461 random14_15_1
4 12 3 9 15 0.227273 15.59802 10.538774 12.5862898461538 147 112 135 15 4 9 16.3125 14.7109375 15.8128004807692 1.05418669871795 random14_15_2
4 12 3 9 15 0.227273 15.841471 11.638019 13.3608122307692 160 126 137.538461538462 14 5 9.16923076923077 16.8359375 14.49609375 15.8335336538462 1.05556891025641 random14_15_3
6 14 5 9 15 0.164835 14.606508 10.569921 12.3424733076923 149 125 136.923076923077 15 4 9.12820512820513 15.31640625 13.58203125 14.5763221153846 0.971754807692308 random14_15_6_1
6 14 4 10 15 0.164835 17.69112 12.070136 15.1521036153846 183 134 155.076923076923 16 6 10.3384615384615 18.05078125 14.5390625 15.8873197115385 1.0591546474359 random14_15_6_2
6 14 4 10 15 0.164835 14.64716 9.440081 12.4090451538462 148 112 134.307692307692 14 5 8.95384615384615 15.171875 11.72265625 14.3894230769231 0.959294871794871 random14_15_6_3
4 15 1 14 30 0.285714 16.828252 11.036323 14.0306353076923 394 347 370.153846153846 19 7 12.3384615384615 77.359375 71.55078125 73.1959134615385 2.43986378205128 random15_30_2
3 14 0 14 30 0.32967 15.143909 10.094536 13.4027529230769 398 309 359.923076923077 17 7 11.9974358974359 77.765625 70.9609375 73.8963341346154 2.46321113782051 random15_30_3_1
3 14 1 13 30 0.32967 15.087677 11.291482 13.6001969230769 366 297 343.461538461538 15 6 11.448717948718 78.4296875 68.3828125 74.0024038461538 2.46674679487179 random15_30_3_2
3 15 1 14 30 0.285714 13.900275 9.138377 11.391167 361 298 325.923076923077 14 7 10.8641025641026 73.5859375 65.34765625 70.2767427884615 2.34255809294872 random15_30_3_3
4 15 1 14 30 0.285714 15.863659 12.703607 14.3668813846154 372 338 355.923076923077 16 8 11.8641025641026 76.46484375 71.7421875 73.2815504807692 2.44271834935897 random15_30_4_1
4 15 2 13 30 0.285714 16.395347 11.404412 13.5884000769231 398 307 346.692307692308 18 7 11.5564102564103 77.359375 70.31640625 73.640625 2.4546875 random15_30_4_2
4 14 2 12 30 0.32967 15.734316 10.588672 12.6398137692308 360 307 341.923076923077 16 6 11.3974358974359 79.28515625 75.1796875 77.4654447115385 2.58218149038462 random15_30_4_3
3 15 0 15 40 0.380952 15.219533 10.272571 12.7098274615385 586 485 546.461538461538 18 9 13.6615384615385 146.24609375 134.00390625 138.993990384615 3.47484975961538 random15_40_3_1
3 15 0 15 40 0.380952 14.127539 10.177757 11.848485 600 534 568.363636363636 18 10 14.2090909090909 143.1796875 134.87109375 137.851917613636 3.44629794034091 random15_40_3_2
3 15 0 15 40 0.380952 15.766013 9.96035 13.0311080769231 591 515 552.923076923077 21 9 13.8230769230769 138.52734375 128.2890625 133.362079326923 3.33405198317308 random15_40_3_3
2 15 0 15 50 0.47619 16.919902 9.819451 12.3980133846154 777 645 709.538461538462 19 9 14.1907692307692 231.83984375 179.53125 214.348557692308 4.28697115384615 random15_50_2_1
2 15 0 15 50 0.47619 14.285401 8.933741 11.1093543076923 780 660 709.230769230769 18 10 14.1846153846154 220.7421875 199.6484375 211.918569711538 4.23837139423077 random15_50_2_2
2 15 0 15 50 0.47619 12.238813 10.154045 11.2088359230769 722 654 694 19 10 13.88 227.17578125 201.26171875 211.347956730769 4.22695913461538 random15_50_2_3
3 15 1 14 50 0.47619 16.808949 9.820518 12.9238730769231 785 627 713.538461538462 19 6 14.2707692307692 219.2265625 195.921875 209.928786057692 4.19857572115385 random15_50_3_1
3 15 1 14 50 0.47619 13.996885 9.217764 11.2570609230769 760 660 712.615384615385 20 7 14.2523076923077 219.90234375 190.44921875 214.244891826923 4.28489783653846 random15_50_3_2
3 15 0 15 50 0.47619 15.253777 9.493265 12.7010306923077 799 615 717.769230769231 19 5 14.3553846153846 226.43359375 176.19140625 213.94921875 4.278984375 random15_50_3_3
6 24 8 16 30 0.108696 19.82917 13.113665 17.1035537692308 392 317 348.923076923077 18 5 11.6307692307693 68.3515625 53.61328125 58.3046875 1.94348958333333 random24_30_6_1
6 24 10 14 30 0.108696 20.426481 15.169492 17.8471071538462 441 288 361.307692307692 22 6 12.0435897435897 73.26171875 54.64453125 60.9152644230769 2.03050881410257 random24_30_6_2
6 24 9 15 30 0.108696 21.774331 15.956473 18.7455393846154 428 338 379 19 6 12.6333333333333 77.125 54.6484375 64.4579326923077 2.14859775641026 random24_30_6_3
6 24 5 19 35 0.126812 17.657311 13.999342 16.0992045384615 483 399 452.307692307692 19 7 12.9230769230769 91.6953125 83.55859375 87.1123798076923 2.48892513736264 random24_35_6_1
6 24 3 21 35 0.126812 19.697929 14.026759 16.7126523076923 488 394 443.538461538462 20 6 12.6725274725275 95.25 78.81640625 84.3759014423077 2.41074004120879 random24_35_6_2
6 24 2 22 35 0.126812 20.370471 15.815406 18.3613343076923 547 432 482.538461538462 21 7 13.7868131868132 106.0625 82.75 91.4525240384615 2.61292925824176 random24_35_6_3
6 24 4 20 40 0.144928 18.636292 13.557439 16.2315481538462 605 465 552.923076923077 20 6 13.8230769230769 141.38671875 111.19140625 124.029146634615 3.10072866586538 random24_40_6_1
6 24 5 19 40 0.144928 20.873567 12.836549 16.2592227692308 653 500 571.615384615385 23 6 14.2903846153846 137.41796875 115.95703125 124.118990384615 3.10297475961538 random24_40_6_2
6 24 5 19 40 0.144928 20.136521 14.268688 17.0889885384615 710 519 573.153846153846 23 7 14.3288461538462 157.8125 115.75390625 125.923377403846 3.14808443509615 random24_40_6_3
4 25 3 22 50 0.166667 17.059394 11.250615 14.4362902307692 845 718 788.615384615385 21 7 15.7723076923077 203.69140625 184.4296875 191.272836538462 3.82545673076923 random25_50
4 24 3 21 55 0.199275 16.267471 9.285285 13.5364102307692 883 709 816.846153846154 20 7 14.8517482517482 255.484375 220.7109375 236.468449519231 4.2994263548951 random25_55
4 23 1 22 65 0.256917 16.003401 10.158422 12.9868889230769 1228 1075 1150 23 11 17.6923076923077 356.04296875 334.08984375 341.799879807692 5.25845968934911 random25_65
4 25 1 24 75 0.25 14.245682 11.231905 12.8602851538462 1562 1368 1417.76923076923 25 9 18.9035897435897 487.0859375 451.95703125 462.548978365385 6.16731971153846 random25_75
3 25 1 24 85 0.283333 15.181334 11.142499 13.0866329230769 1921 1730 1789.46153846154 27 13 21.0524886877828 614.328125 592.734375 600.387319711538 7.06338023190045 random25_85
4 25 1 24 95 0.316667 14.30898 8.213369 11.5349689230769 2455 2091 2182.92307692308 30 13 22.9781376518219 813.9453125 743.03515625 759.6796875 7.99662828947368 random25_95
10 26 9 17 30 0.0923077 22.710097 16.726625 19.2876233076923 411 324 361.615384615385 20 6 12.0538461538462 74.5625 50.890625 61.9510216346154 2.06503405448718 random30_30_10_1
11 24 6 18 30 0.108696 24.177542 14.264519 20.2164307692308 464 310 400.769230769231 23 6 13.3589743589744 77.546875 53.84765625 67.9341947115385 2.26447315705128 random30_30_11_1
11 27 9 18 30 0.0854701 21.698422 18.750243 20.4131606923077 432 361 394 22 7 13.1333333333333 76.78125 53.62109375 65.7154447115385 2.19051482371795 random30_30_11_2
11 27 10 17 30 0.0854701 21.825621 15.878444 18.7625855384615 395 315 357.538461538462 18 2 11.9051282051282 57.5 10.80078125 48.234375 1.6077624198718 random30_30_11_3
11 29 10 19 30 0.0738916 23.354629 19.30349 21.3550641538462 429 338 385.692307692308 21 6 12.8564102564103 66.37109375 51.0859375 58.9068509615385 1.96356169871795 random30_30_11_4
5 21 8 13 30 0.142857 15.607488 10.737544 13.4040430769231 372 305 329.846153846154 16 5 10.9948717948718 67.0546875 61.70703125 64.0862379807692 2.13620793269231 random30_30_5_1
5 22 5 17 30 0.12987 19.327355 13.185047 15.6885054615385 364 319 339.846153846154 17 7 11.3282051282051 61.94140625 58.4296875 60.2115384615385 2.00705128205128 random30_30_5_2
5 22 7 15 30 0.12987 18.519106 14.016977 16.5519612307692 360 273 324.153846153846 17 5 10.8051282051282 69.640625 58.0390625 61.9206730769231 2.06402243589744 random30_30_5_3
6 24 8 16 30 0.108696 18.803451 14.643904 16.2394513846154 376 290 340.230769230769 18 2 11.3410256410256 67.046875 53.046875 57.98046875 1.93268229166667 random30_30_6_1
7 23 4 19 30 0.118577 19.54746 15.376472 17.0767461538462 409 327 366.307692307692 19 6 12.2102564102564 73.41015625 57.0859375 64.7418870192308 2.15806290064102 random30_30_7_1
7 23 5 18 30 0.118577 19.643947 14.708906 17.4397067692308 448 359 388.307692307692 19 7 12.9435897435897 80.9609375 61.84375 67.0414663461538 2.2347155448718 random30_30_7_2
7 25 7 18 30 0.1 20.294993 15.836113 18.1936163076923 400 315 348.923076923077 19 2 11.6307692307692 68.859375 51.484375 58.3046875 1.94348958333333 random30_30_7_3
7 22 8 14 30 0.12987 21.319333 13.743633 17.2684776923077 391 309 356.538461538462 20 6 11.8846153846154 69.42578125 55.984375 61.2920673076923 2.04306891025641 random30_30_7_4
8 25 7 18 30 0.1 22.363082 17.034952 20.4101596923077 502 327 423.923076923077 21 6 14.1307692307692 79.0390625 53.98828125 69.8341346153846 2.32780448717949 random30_30_8_1
5 23 11 12 30 0.118577 16.106528 12.960624 14.6280394615385 348 286 310.153846153846 16 2 10.3384615384615 61.34375 56.53125 59.0763221153846 1.96921073717949 random30_30_8_2
8 25 7 18 30 0.1 20.920923 16.121066 18.7204576923077 416 297 361.307692307692 18 6 12.0435897435897 71.7890625 48.5 60.0438701923077 2.00146233974359 random30_30_8_3
8 25 7 18 30 0.1 21.173264 17.334126 19.3807826923077 434 349 377.307692307692 20 7 12.5769230769231 73.31640625 55.96484375 61.3296274038462 2.04432091346154 random30_30_8_4
9 27 11 16 30 0.0854701 19.150379 12.533062 15.9745314615385 332 246 295.230769230769 15 5 9.84102564102565 57.171875 42.94140625 48.6685697115385 1.62228565705128 random30_30_9_1
9 27 12 15 30 0.0854701 19.065888 13.824338 16.3194916923077 346 286 313.538461538462 16 2 10.451282051282 58.2109375 49 51.29296875 1.709765625 random30_30_9_2
9 27 9 18 30 0.0854701 20.44055 15.015738 18.4315444615385 437 302 337.846153846154 18 6 11.2615384615385 72.3671875 49.22265625 54.0222355769231 1.80074118589744 random30_30_9_3
9 26 7 19 30 0.0923077 21.890248 17.301388 18.9822306153846 423 339 372 21 7 12.4 74.078125 53.703125 60.2683293269231 2.00894431089744 random30_30_9_4
5 28 5 23 55 0.145503 17.368767 11.388118 14.6788856153846 1018 729 874.769230769231 24 8 15.9048951048951 275.3671875 213.015625 230.111478365385 4.18384506118881 random30_55
4 29 3 26 65 0.160099 17.250326 12.353934 14.8447507692308 1361 1143 1208.07692307692 26 10 18.585798816568 413.703125 318.8046875 339.265324519231 5.21946653106509 random30_65
4 28 2 26 75 0.198413 16.377704 11.118365 13.4976521538462 1561 1357 1450.61538461538 28 10 19.3415384615385 472.70703125 435.453125 451.933293269231 6.02577724358974 random30_75
4 29 0 29 85 0.20936 15.514085 11.249933 12.9241704615385 1975 1557 1790.76923076923 28 14 21.0678733031674 620.8984375 573.16796875 595.456730769231 7.00537330316742 random30_85
3 30 1 29 95 0.218391 17.419934 12.091238 14.0510231538462 2555 2029 2143.30769230769 31 10 22.5611336032389 987.71484375 710.6328125 752.408052884615 7.92008476720648 random30_95
6 30 7 23 55 0.126437 19.386765 13.231561 16.6472442307692 1047 816 908.615384615385 24 2 16.5202797202797 299.046875 209.9140625 226.048978365385 4.10998142482517 random35_55
5 31 5 26 75 0.16129 18.2137 10.492101 13.700068 1540 1245 1407.30769230769 28 8 18.7641025641026 537.9140625 422.12890625 451.912560096154 6.02550080128205 random35_75
4 33 2 31 85 0.160985 18.429831 12.34134 15.2961294615385 2084 1677 1843.30769230769 35 11 21.6859728506787 710.1875 549.22265625 599.30859375 7.05068933823529 random35_85
4 35 2 33 95 0.159664 17.247864 12.298645 15.0428053076923 2672 2089 2289.76923076923 35 13 24.1028340080972 973.08984375 704.96875 754.770432692308 7.94495192307692 random35_95
10 49 15 34 60 0.0510204 24.05332 18.647844 21.5339395384615 1271 942 1117.07692307692 28 2 18.6179487179487 303.95703125 207.2109375 274.24609375 4.57076822916667 random50_60_10_1
6 41 11 30 60 0.0731707 20.503235 13.259868 16.7622644615385 1164 808 972.461538461538 27 9 16.2076923076923 320.57421875 229.5078125 257.2734375 4.287890625 random50_60_6_1
6 42 12 30 60 0.0696864 22.519717 17.732302 19.5717219230769 1355 968 1143.69230769231 31 10 19.0615384615385 343.2421875 233.0546875 283.935997596154 4.73226662660256 random50_60_6_2
7 43 15 28 60 0.0664452 20.391952 15.310495 17.7533987692308 1157 800 964.384615384615 26 2 16.0730769230769 306.44921875 203.96484375 237.659555288462 3.96099258814103 random50_60_7_1
7 44 16 28 60 0.0634249 21.189121 16.125957 18.4225115384615 1281 814 1023.15384615385 29 2 17.0525641025641 341.53515625 203.69921875 257.359675480769 4.28932792467949 random50_60_7_2
7 44 15 29 60 0.0634249 21.172785 16.353829 19.1042743846154 1350 928 1101.84615384615 29 2 18.3641025641026 335.05859375 232.00390625 277.557692307692 4.62596153846154 random50_60_7_3
8 44 10 34 60 0.0634249 22.359634 15.329449 19.1574046923077 1281 819 1042.61538461538 27 2 17.3769230769231 319.11328125 191.98046875 253.209735576923 4.22016225961538 random50_60_8_1
8 41 10 31 60 0.0731707 21.007517 16.872436 19.210406 1215 901 1109.30769230769 29 10 18.4884615384615 324.9609375 236.578125 285.206730769231 4.75344551282051 random50_60_8_2
8 44 12 32 60 0.0634249 23.912407 18.279837 20.4899474615385 1244 927 1112.76923076923 31 2 18.5461538461538 310.16796875 216.5859375 275.809194711538 4.59681991185897 random50_60_8_3
9 45 13 32 60 0.0606061 23.724725 17.821773 20.6412383846154 1224 914 1086.69230769231 27 2 18.1115384615385 308.890625 224.15234375 273.736778846154 4.5622796474359 random50_60_9_1
9 43 12 31 60 0.0664452 23.734589 17.524377 20.2765284615385 1296 1041 1177.76923076923 31 8 19.6294871794872 318.3828125 234.38671875 288.430889423077 4.80718149038462 random50_60_9_2
9 43 10 33 60 0.0664452 25.702809 18.252326 21.3368523846154 1356 970 1203.38461538462 31 10 20.0564102564103 339.26953125 233.21875 307.491586538462 5.12485977564103 random50_60_9_3
7 45 9 36 70 0.0707071 21.596533 16.181436 18.7957535384615 1740 1220 1397.07692307692 31 9 19.9582417582418 498.57421875 331.58203125 380.942307692308 5.44203296703297 random50_70_7_1
7 45 10 35 70 0.0707071 19.82725 16.687124 18.301048 1574 1139 1348.76923076923 31 10 19.2681318681319 432.0078125 314.52734375 371.907151442308 5.31295930631868 random50_70_7_2
7 45 11 34 70 0.0707071 20.881581 13.828941 18.3768533076923 1617 1133 1326.15384615385 31 8 18.945054945055 460.4140625 303.55078125 368.958834134615 5.27084048763736 random50_70_7_3
6 43 8 35 80 0.0885936 21.299381 14.408326 17.9720385384615 2048 1430 1694 31 11 21.175 636.8515625 442.1484375 512.733173076923 6.40916466346154 random50_80_6_1
6 44 8 36 80 0.0845666 20.408369 13.639567 17.6998699230769 2065 1487 1727.46153846154 33 12 21.5932692307692 675.2734375 452.3984375 502.770733173077 6.28463416466346 random50_80_6_2
6 44 9 35 80 0.0845666 19.607655 15.18433 17.7701900769231 1896 1414 1634.07692307692 32 10 20.4259615384615 560.421875 434.01171875 489.825420673077 6.12281775841346 random50_80_6_3
4 9 3 6 10 0.277778 15.269042 9.237864 12.3665424615385 92 79 85.3846153846154 12 5 8.53846153846154 8.16796875 7.390625 7.84104567307692 0.784104567307692 random9_10_1
3 9 4 5 10 0.277778 11.473222 7.466241 9.32937846153846 70 56 63.0769230769231 11 4 6.30769230769231 7.12109375 5.8125 6.63161057692308 0.663161057692308 random9_10_2
5 9 2 7 10 0.277778 16.527489 10.469579 12.8774349230769 103 85 96.3076923076923 13 5 9.63076923076923 8.12109375 6.93359375 7.70462740384615 0.770462740384615 random9_10_3
4 9 2 7 11 0.305556 18.441212 9.499625 14.0239046153846 115 93 104.692307692308 13 5 9.51748251748252 11.2109375 8.86328125 9.79356971153846 0.890324519230769 random9_11_1
4 9 3 6 11 0.305556 14.593084 9.067124 12.5136756153846 103 76 97.8461538461538 13 5 8.89510489510489 9.87890625 7.84375 9.56610576923077 0.869645979020979 random9_11_2
3 9 1 8 11 0.305556 15.333122 10.338526 12.3426794615385 106 87 100.384615384615 14 6 9.12587412587412 9.62890625 8.546875 9.3359375 0.848721590909091 random9_11_3
4 9 1 8 12 0.333333 11.663633 7.664045 10.0856278461538 121 105 109.846153846154 14 5 9.15384615384615 12.08203125 10.34375 11.2001201923077 0.933343349358974 random9_12_1
4 9 1 8 12 0.333333 11.147161 8.694747 10.0391603076923 114 107 111.615384615385 13 5 9.30128205128205 11.87109375 11.54296875 11.7466947115385 0.978891225961538 random9_12_2
3 9 0 9 12 0.333333 14.593762 10.275045 12.5253336153846 130 106 117.846153846154 14 7 9.82051282051282 12.3828125 10.83203125 11.7400841346154 0.978340344551283 random9_12_3
3 9 1 8 14 0.388889 11.603294 8.644871 10.1083279230769 131 108 124.153846153846 12 4 8.86813186813187 16.24609375 14.78125 15.6496394230769 1.11783138736264 random9_14_1
3 9 0 9 14 0.388889 13.086229 8.986251 10.7275246153846 146 109 134.307692307692 12 7 9.59340659340659 16.84765625 12.68359375 16.1682692307692 1.15487637362638 random9_14_2
3 9 1 8 14 0.388889 12.260093 8.335488 10.1626001538462 132 113 115.692307692308 13 5 8.26373626373626 16.9375 14.7421875 15.0606971153846 1.07576407967033 random9_14_3
3 9 0 9 15 0.416667 13.146665 8.667921 10.1496784615385 160 141 146.615384615385 13 7 9.77435897435898 20.00390625 18.91796875 19.2947716346154 1.28631810897436 random9_15_1
3 9 2 7 15 0.416667 14.230061 9.248777 12.4343666923077 148 116 133.461538461538 13 4 8.8974358974359 19.13671875 17.43359375 18.4645432692308 1.23096955128205 random9_15_2
3 9 1 8 15 0.416667 11.571506 8.951807 10.1185833076923 170 107 146.615384615385 15 4 9.77435897435897 19.90234375 13.8125 18.0132211538462 1.20088141025641 random9_15_3
4 6 3 3 5 0.333333 11.370327 7.370007 9.52498569230769 32 26 30.3076923076923 8 4 6.06153846153846 1.984375 1.6328125 1.92367788461538 0.384735576923077 relativerandom10_0.1
6 9 3 6 9 0.25 13.50617 8.456997 11.2424315384615 81 69 74.6153846153846 13 4 8.29059829059829 5.984375 5.4375 5.76622596153846 0.640691773504274 relativerandom10_0.2
3 10 2 8 14 0.311111 14.436056 9.411373 11.6368638461538 143 116 132.153846153846 13 4 9.43956043956044 16 14.7578125 15.4173677884615 1.10124055631868 relativerandom10_0.3
3 10 0 10 18 0.4 11.688223 7.708651 10.1853358461538 179 157 169.076923076923 13 7 9.39316239316239 27.83984375 23.65625 25.9657451923077 1.44254139957265 relativerandom10_0.4
3 10 1 9 23 0.511111 14.249438 10.180141 11.6285560769231 245 193 227.461538461538 15 6 9.88963210702341 46.25 43.12109375 45.2106370192308 1.96567987040134 relativerandom10_0.5
2 10 0 10 27 0.6 11.719841 7.730043 10.368381 282 234 263.846153846154 13 6 9.77207977207977 64.796875 59.51953125 62.4984975961538 2.31475917022792 relativerandom10_0.6
2 10 0 10 31 0.688889 13.529534 9.69634 10.819234 373 303 341.230769230769 15 8 11.0074441687345 86.17578125 78.66796875 81.4762620192308 2.62826651674938 relativerandom10_0.7
2 10 0 10 36 0.8 11.718633 8.724618 10.0806540769231 457 382 425.923076923077 16 8 11.8311965811966 114.92578125 105.375 110.173076923077 3.06036324786325 relativerandom10_0.8
2 10 0 10 41 0.911111 11.690492 8.25864 10.072369 570 433 513.692307692308 18 8 12.5290806754221 158.30078125 129.48828125 142.881310096154 3.48491000234522 relativerandom10_0.9
3 20 0 20 95 0.5 15.298361 9.341198 12.3197795 2349 1960 2154.5 29 18 22.678947368421 828.640625 760.29296875 794.466796875 8.36280838815789 relativerandom20_0.5
5 21 2 19 30 0.142857 19.247153 13.220613 16.4699149230769 472 349 404 19 8 13.4666666666667 83.00390625 59.2265625 67.5904447115385 2.25301482371795 relativerandom25_0.1
5 24 4 20 60 0.217391 15.300754 10.305392 13.0908368461538 1106 887 1024.76923076923 22 11 17.0794871794872 296.1171875 273.4609375 284.666766826923 4.74444611378205 relativerandom25_0.2
3 25 1 24 90 0.3 14.166767 10.412716 12.6013391538462 2187 1841 1995.92307692308 29 14 22.1769230769231 730.1796875 671.84765625 694.019230769231 7.71132478632479 relativerandom25_0.3
