2 3 2 1 2 0.666667 10.024064 0.024649 3.07916883333333 7 6 6.27777777777778 4 3 3.13888888888889 0.35546875 0.3046875 0.318793402777778 0.159396701388889 row03
3 4 2 2 3 0.5 11.019573 3.022523 7.63260916666667 16 12 14.1666666666667 6 4 4.72222222222222 0.8515625 0.609375 0.746527777777778 0.248842592592593 row04
4 5 2 3 4 0.4 9.074152 6.020429 7.63544761111111 25 19 21.2777777777778 7 4 5.31944444444444 1.375 0.984375 1.15321180555556 0.288302951388889 row05
5 6 2 4 5 0.333333 11.070976 6.047208 8.80855788888889 36 27 32.2777777777778 8 4 6.45555555555556 2.04296875 1.46875 1.85720486111111 0.371440972222222 row06
6 7 2 5 6 0.285714 13.03454 7.039588 9.98262144444444 48 37 42.8888888888889 9 5 7.14814814814815 2.84765625 2.03515625 2.59353298611111 0.432255497685185 row07
7 8 2 6 7 0.25 14.045248 7.080406 10.7585634444444 60 50 55.3888888888889 10 5 7.91269841269841 3.69140625 2.87109375 3.47352430555556 0.496217757936508 row08
8 9 2 7 8 0.222222 16.038491 9.063055 12.4850004444444 76 62 69.0555555555556 11 5 8.63194444444444 4.765625 4.19140625 4.48546006944444 0.560682508680556 row09
9 10 2 8 9 0.2 20.037707 14.03648 16.9324476111111 91 75 85.1111111111111 12 5 9.45679012345679 6.1640625 5.078125 5.67404513888889 0.630449459876543 row10
10 11 2 9 10 0.181818 22.04299 14.027365 17.5909222777778 112 87 99.5555555555556 13 6 9.95555555555556 8.40625 6 6.79600694444444 0.679600694444444 row11
11 12 2 10 11 0.166667 24.014829 13.028817 17.1404914444444 132 94 112.611111111111 14 5 10.2373737373737 9.88671875 6.4921875 7.86154513888889 0.714685921717172 row12
12 13 2 11 12 0.153846 23.012499 13.987253 18.4151983888889 164 119 141.611111111111 16 5 11.8009259259259 12.625 8.85546875 10.4431423611111 0.870261863425926 row13
13 14 2 12 13 0.142857 26.035308 15.038366 19.9807742777778 187 127 159.888888888889 16 6 12.2991452991453 14.92578125 9.6328125 12.306640625 0.946664663461539 row14
14 15 2 13 14 0.133333 28.027269 16.021428 21.4233863888889 203 153 178.444444444444 17 6 12.7460317460317 16.51953125 11.73828125 14.2026909722222 1.0144779265873 row15
15 16 2 14 15 0.125 28.008916 16.986122 22.924113 229 171 202.222222222222 18 6 13.4814814814815 19.19921875 12.82421875 16.8728298611111 1.12485532407407 row16
