3 5 3 2 4 0.4 8.113968 4.115405 5.81627876923077 16 14 15.8461538461538 4 3 3.96153846153846 0.96875 0.828125 0.957932692307692 0.239483173076923 rowplus1_04
4 6 3 3 5 0.333333 10.05035 3.125526 6.49205346153846 24 20 23.3076923076923 5 3 4.66153846153846 1.53125 1.30859375 1.46304086538462 0.292608173076923 rowplus1_05
5 7 3 4 6 0.285714 11.055252 8.120613 9.26113930769231 34 31 32.3076923076923 7 4 5.38461538461539 2.29296875 2.00390625 2.14242788461538 0.357071314102564 rowplus1_06
6 8 3 5 7 0.25 14.161937 8.160478 10.8238884615385 49 41 45.9230769230769 8 4 6.56043956043956 3.66015625 2.66796875 3.27704326923077 0.468149038461538 rowplus1_07
7 9 3 6 8 0.222222 14.167333 9.122305 11.3053664615385 62 51 58.4615384615385 9 4 7.30769230769231 4.76953125 3.66015625 4.40504807692308 0.550631009615385 rowplus1_08
8 10 3 7 9 0.2 16.192775 11.154615 14.78808 76 67 72.1538461538462 11 5 8.01709401709402 6.02734375 5.609375 5.80198317307692 0.644664797008547 rowplus1_09
9 11 3 8 10 0.181818 20.048718 13.371394 17.1698101538462 91 77 85.7692307692308 12 5 8.57692307692308 7.66796875 6.78125 7.16796875 0.716796875 rowplus1_10
10 12 3 9 11 0.166667 20.146966 15.1752 18.0953021538462 116 98 102.538461538462 13 5 9.32167832167832 10.79296875 8.328125 8.86538461538461 0.805944055944056 rowplus1_11
11 13 3 10 12 0.153846 22.179927 16.277165 19.1960145384615 136 109 119.538461538462 14 5 9.96153846153847 12.98046875 9.60546875 10.66015625 0.888346354166667 rowplus1_12
12 14 3 11 13 0.142857 25.413793 17.221063 20.8797106153846 155 125 141.538461538462 17 5 10.887573964497 15.046875 11.34765625 13.4735576923077 1.0364275147929 rowplus1_13
13 15 3 12 14 0.133333 26.303253 21.066375 23.6364919230769 170 142 161.230769230769 16 5 11.5164835164835 17.08984375 14.359375 16.3365384615385 1.1668956043956 rowplus1_14
14 16 3 13 15 0.125 30.22176 21.17026 26.0804438461538 211 179 192 19 6 12.8 23.546875 18.41015625 20.1917067307692 1.34611378205128 rowplus1_15
