9 11 3 8 10 0.166666666666667 20.057224 95 6.5234375 9.5 0.65234375 10 6 3 11 10 0.5390625 7 0.71484375 none 0 ltest3_8 rip 1 49031524954 49051582178
9 11 3 8 10 0.166666666666667 20.994877 94 6.78515625 9.4 0.678515625 10 6 3 12 10 0.578125 1 0.76171875 none 0 ltest3_8 rip 2 49150813899 49171808776
9 11 3 8 10 0.166666666666667 13.028189 98 6.67578125 9.8 0.667578125 10 7 3 12 10 0.5703125 3 0.74609375 none 0 ltest3_8 rip 3 49272334210 49285362399
9 11 3 8 10 0.166666666666667 15.020288 87 6.1953125 8.7 0.61953125 10 6 4 10 10 0.48046875 4 0.72265625 none 0 ltest3_8 rip 4 49393812501 49408832789
9 11 3 8 10 0.166666666666667 10.043634 93 6.71484375 9.3 0.671484375 10 8 3 11 2 0.61328125 3 0.734375 none 0 ltest3_8 rip 5 49513014294 49523057928
9 11 3 8 10 0.166666666666667 14.060033 93 6.578125 9.3 0.6578125 10 8 3 11 2 0.57421875 4 0.72265625 none 0 ltest3_8 rip 6 49633468846 49647528879
9 11 3 8 10 0.166666666666667 18.004462 92 6.8203125 9.2 0.68203125 10 6 3 11 10 0.55859375 1 0.80078125 none 0 ltest3_8 rip 7 49755171102 49773175564
9 11 3 8 10 0.166666666666667 11.045093 95 6.46484375 9.5 0.646484375 10 7 3 11 10 0.55078125 3 0.71484375 none 0 ltest3_8 rip 8 49875422958 49886468051
9 11 3 8 10 0.166666666666667 19.038297 99 7.3515625 9.9 0.73515625 10 7 3 13 10 0.609375 3 0.9140625 none 0 ltest3_8 rip 9 49997179497 50016217794
9 11 3 8 10 0.166666666666667 18.027615 103 7.26171875 10.3 0.726171875 10 6 3 13 10 0.5 4 0.9140625 none 0 ltest3_8 rip 10 50116681544 50134709159
9 11 3 8 10 0.166666666666667 19.032795 100 7.1484375 10 0.71484375 10 7 3 12 10 0.609375 1 0.78125 none 0 ltest3_8 rip 11 50238377058 50257409853
9 11 3 8 10 0.166666666666667 17.051894 96 6.53515625 9.6 0.653515625 10 7 3 11 2 0.57421875 7 0.71484375 none 0 ltest3_8 rip 1 50849034191 50866086085
9 11 3 8 10 0.166666666666667 9.044119 91 5.94921875 9.1 0.594921875 10 6 3 11 10 0.40234375 4 0.7734375 none 0 ltest3_8 rip 2 50969367647 50978411766
9 11 3 8 10 0.166666666666667 13.060894 95 6.71875 9.5 0.671875 10 7 3 11 2 0.59375 4 0.72265625 none 0 ltest3_8 rip 3 51089609185 51102670079
9 11 3 8 10 0.166666666666667 20.062638 100 6.7578125 10 0.67578125 10 7 3 12 10 0.5703125 3 0.84375 none 0 ltest3_8 rip 4 51208747678 51228810316
8 11 4 7 10 0.166666666666667 17.049246 89 6.453125 8.9 0.6453125 9 7 3 11 2 0.57421875 6 0.703125 none 0 ltest4_7 rip 1 51941407313 51958456559
8 11 4 7 10 0.166666666666667 11.029329 87 5.4921875 8.7 0.54921875 9 7 3 11 9 0.43359375 3 0.71484375 none 0 ltest4_7 rip 2 52060665241 52071694570
8 11 4 7 10 0.166666666666667 13.027313 84 6.08203125 8.4 0.608203125 9 6 3 10 9 0.51953125 6 0.671875 none 0 ltest4_7 rip 3 52181065825 52194093138
8 11 4 7 10 0.166666666666667 13.040385 92 6.5859375 9.2 0.65859375 9 7 3 11 2 0.57421875 7 0.72265625 none 0 ltest4_7 rip 4 52299504567 52312544952
8 11 4 7 10 0.166666666666667 17.062407 86 6.125 8.6 0.6125 9 7 3 10 2 0.5234375 6 0.703125 none 0 ltest4_7 rip 5 52419890928 52436953335
8 11 4 7 10 0.166666666666667 17.066909 87 6.37109375 8.7 0.637109375 9 5 3 12 9 0.44921875 4 0.86328125 none 0 ltest4_7 rip 1 53034684511 53051751420
8 11 4 7 10 0.166666666666667 18.05058 91 6.57421875 9.1 0.657421875 9 7 3 11 1 0.59375 6 0.703125 none 0 ltest4_7 rip 2 53155207732 53173258312
8 11 4 7 10 0.166666666666667 12.057814 80 6.11328125 8 0.611328125 1 7 3 9 2 0.51171875 5 0.671875 none 0 ltest4_7 rip 3 53275890141 53287947955
8 11 4 7 10 0.166666666666667 13.03717 85 5.91796875 8.5 0.591796875 2 7 5 10 2 0.4921875 5 0.703125 none 0 ltest4_7 rip 4 53395944479 53408981649
8 11 4 7 10 0.166666666666667 16.055087 87 6.44921875 8.7 0.644921875 9 6 3 12 2 0.57421875 3 0.74609375 none 0 ltest4_7 rip 5 53515181451 53531236538
8 11 4 7 10 0.166666666666667 15.070933 93 7.046875 9.3 0.7046875 8 7 4 13 8 0.55078125 4 0.9140625 none 0 ltest4_7 rip 6 53634372717 53649443650
8 11 4 7 10 0.166666666666667 9.015187 75 4.8828125 7.5 0.48828125 1 7 4 9 6 0.43359375 1 0.55078125 none 0 ltest4_7 rip 7 53753653835 53762669022
8 11 4 7 10 0.166666666666667 11.072082 84 6.4140625 8.4 0.64140625 1 7 4 9 1 0.5703125 4 0.7109375 none 0 ltest4_7 rip 8 53873985453 53885057535
8 11 4 7 10 0.166666666666667 10.043961 83 6.01171875 8.3 0.601171875 2 7 5 10 2 0.4921875 5 0.72265625 none 0 ltest4_7 rip 9 53994449755 54004493716
8 11 4 7 10 0.166666666666667 17.041648 80 5.9375 8 0.59375 7 7 3 10 7 0.55078125 1 0.640625 none 0 ltest4_7 rip 10 54113772414 54130814062
7 11 5 6 10 0.166666666666667 10.077513 76 5.5 7.6 0.55 6 6 3 10 10 0.40234375 4 0.7421875 none 0 ltest5_6 rip 1 54235127803 54245205316
7 11 5 6 10 0.166666666666667 9.089017 78 6.265625 7.8 0.6265625 6 5 3 9 6 0.52734375 4 0.7109375 none 0 ltest5_6 rip 2 54355509859 54364598876
7 11 5 6 10 0.166666666666667 8.085489 74 6.140625 7.4 0.6140625 6 5 3 10 6 0.52734375 3 0.72265625 none 0 ltest5_6 rip 3 54477292836 54485378325
7 11 5 6 10 0.166666666666667 12.038224 70 5.91796875 7 0.591796875 6 5 3 9 2 0.4921875 8 0.71875 none 0 ltest5_6 rip 4 54598926259 54610964483
7 11 5 6 10 0.166666666666667 14.04298 75 6.26953125 7.5 0.626953125 9 5 3 10 6 0.55859375 7 0.73828125 none 0 ltest5_6 rip 5 54718249561 54732292541
7 11 5 6 10 0.166666666666667 9.062413 73 5.4453125 7.3 0.54453125 6 5 3 10 9 0.390625 7 0.671875 none 0 ltest5_6 rip 6 54839890752 54848953165
7 11 5 6 10 0.166666666666667 9.134455 79 6.31640625 7.9 0.631640625 6 6 3 9 1 0.55078125 7 0.6796875 none 0 ltest5_6 rip 7 54961555327 54970689782
7 11 5 6 10 0.166666666666667 16.077387 75 6.03515625 7.5 0.603515625 6 5 3 10 6 0.48828125 4 0.671875 none 0 ltest5_6 rip 8 55079630864 55095708251
7 11 5 6 10 0.166666666666667 15.042387 75 5.5078125 7.5 0.55078125 6 4 3 10 6 0.3984375 3 0.625 none 0 ltest5_6 rip 9 55200155167 55215197554
7 11 5 6 10 0.166666666666667 14.036476 79 5.84765625 7.9 0.584765625 6 5 3 10 6 0.46875 5 0.65234375 none 0 ltest5_6 rip 10 55319607844 55333644320
7 11 5 6 10 0.166666666666667 14.036124 88 6.4609375 8.8 0.64609375 6 7 3 11 2 0.5625 4 0.71484375 none 0 ltest5_6 rip 1 55926589624 55940625748
7 11 5 6 10 0.166666666666667 9.131285 83 6.32421875 8.3 0.632421875 6 6 3 10 6 0.5390625 4 0.703125 none 0 ltest5_6 rip 2 56047267601 56056398886
7 11 5 6 10 0.166666666666667 9.101178 78 5.6015625 7.8 0.56015625 9 6 3 10 9 0.421875 3 0.72265625 none 0 ltest5_6 rip 3 56169075843 56178177021
7 11 5 6 10 0.166666666666667 12.04726 73 5.9921875 7.3 0.59921875 6 5 3 10 6 0.48828125 4 0.671875 none 0 ltest5_6 rip 4 56289487286 56301534546
7 11 5 6 10 0.166666666666667 12.046669 72 5.58984375 7.2 0.558984375 6 5 3 10 6 0.48828125 4 0.65234375 none 0 ltest5_6 rip 5 56411227856 56423274525
6 11 6 5 10 0.166666666666667 14.068132 71 5.59765625 7.1 0.559765625 8 5 4 9 8 0.46875 6 0.671875 none 0 ltest6_5 rip 1 56531663059 56545731191
6 11 6 5 10 0.166666666666667 11.093612 78 6.421875 7.8 0.6421875 1 6 7 9 2 0.55859375 7 0.7109375 none 0 ltest6_5 rip 1 57380564607 57391658219
6 11 6 5 10 0.166666666666667 14.065056 69 5.28125 6.9 0.528125 2 6 6 9 2 0.44140625 6 0.6328125 none 0 ltest6_5 rip 2 57501397330 57515462386
6 11 6 5 10 0.166666666666667 13.054928 68 5.9140625 6.8 0.59140625 8 5 4 9 2 0.51171875 6 0.66015625 none 0 ltest6_5 rip 3 57620482300 57633537228
6 11 6 5 10 0.166666666666667 16.076721 67 5.35546875 6.7 0.535546875 8 5 4 9 8 0.48828125 4 0.6328125 none 0 ltest6_5 rip 4 57741098282 57757175003
6 11 6 5 10 0.166666666666667 9.030509 66 5.36328125 6.6 0.536328125 1 6 4 8 2 0.4609375 7 0.58984375 none 0 ltest6_5 rip 5 57861656714 57870687223
6 11 6 5 10 0.166666666666667 12.032247 65 5.33203125 6.5 0.533203125 8 5 4 9 2 0.4609375 6 0.6015625 none 0 ltest6_5 rip 6 57983511895 57995544142
6 11 6 5 10 0.166666666666667 11.116001 72 5.82421875 7.2 0.582421875 9 5 4 9 10 0.41015625 5 0.671875 none 0 ltest6_5 rip 7 58103823089 58114939090
6 11 6 5 10 0.166666666666667 8.041077 61 4.30859375 6.1 0.430859375 8 5 1 7 8 0.37109375 1 0.55078125 none 0 ltest6_5 rip 8 58225633285 58233674362
6 11 6 5 10 0.166666666666667 10.083592 73 6.28515625 7.3 0.628515625 1 7 4 9 2 0.58984375 4 0.7109375 none 0 ltest6_5 rip 9 58347203410 58357287002
6 11 6 5 10 0.166666666666667 8.030656 58 4.52734375 5.8 0.452734375 8 5 4 7 6 0.40234375 1 0.51953125 none 0 ltest6_5 rip 10 58466729668 58474760324
6 11 6 5 10 0.166666666666667 10.106133 68 5.875 6.8 0.5875 1 6 4 8 2 0.5 5 0.640625 none 0 ltest6_5 rip 11 58587236734 58597342867
6 11 6 5 10 0.166666666666667 11.019324 73 6.08984375 7.3 0.608984375 8 6 4 9 2 0.51171875 4 0.65234375 none 0 ltest6_5 rip 12 58706339779 58717359103
6 11 6 5 10 0.166666666666667 10.061751 72 5.94140625 7.2 0.594140625 1 6 4 9 2 0.5 4 0.65234375 none 0 ltest6_5 rip 13 58827689773 58837751524
6 11 6 5 10 0.166666666666667 11.031977 64 4.890625 6.4 0.4890625 7 5 4 9 7 0.37109375 4 0.65234375 none 0 ltest6_5 rip 14 58948281579 58959313556
5 11 7 4 10 0.166666666666667 10.063916 54 5.02734375 5.4 0.502734375 8 4 5 8 8 0.37890625 5 0.640625 none 0 ltest7_4 rip 1 59069965818 59080029734
5 11 7 4 10 0.166666666666667 11.049793 67 5.55078125 6.7 0.555078125 1 6 4 9 7 0.47265625 4 0.671875 none 0 ltest7_4 rip 2 59191899332 59202949125
5 11 7 4 10 0.166666666666667 10.072524 63 5.77734375 6.3 0.577734375 6 4 4 8 2 0.4296875 4 0.6796875 none 0 ltest7_4 rip 3 59313529191 59323601715
5 11 7 4 10 0.166666666666667 8.073308 70 6.11328125 7 0.611328125 1 5 7 9 2 0.52734375 7 0.7109375 none 0 ltest7_4 rip 4 59431621373 59439694681
5 11 7 4 10 0.166666666666667 10.067457 56 4.66015625 5.6 0.466015625 6 4 4 8 7 0.37109375 4 0.640625 none 0 ltest7_4 rip 5 59552242183 59562309640
5 11 7 4 10 0.166666666666667 8.068729 54 4.75390625 5.4 0.475390625 6 4 5 8 8 0.33984375 5 0.69921875 none 0 ltest7_4 rip 6 59671512340 59679581069
5 11 7 4 10 0.166666666666667 8.019134 53 4.390625 5.3 0.4390625 8 4 4 7 8 0.37890625 1 0.51953125 none 0 ltest7_4 rip 7 59793173731 59801192865
5 11 7 4 10 0.166666666666667 7.041023 55 4.70703125 5.5 0.470703125 8 4 4 8 9 0.37890625 4 0.62109375 none 0 ltest7_4 rip 8 59913909668 59920950691
5 11 7 4 10 0.166666666666667 9.075863 63 5.62109375 6.3 0.562109375 6 5 4 9 10 0.44921875 4 0.7109375 none 0 ltest7_4 rip 9 60034511035 60043586898
5 11 7 4 10 0.166666666666667 11.078977 65 6.07421875 6.5 0.607421875 6 4 4 8 6 0.49609375 4 0.6796875 none 0 ltest7_4 rip 10 60153892409 60164971386
5 11 7 4 10 0.166666666666667 9.110084 59 4.96875 5.9 0.496875 6 5 4 8 7 0.390625 5 0.640625 none 0 ltest7_4 rip 11 60275718618 60284828702
5 11 7 4 10 0.166666666666667 11.072153 60 5.33203125 6 0.533203125 8 4 4 9 8 0.37890625 4 0.7109375 none 0 ltest7_4 rip 12 60396029205 60407101358
5 11 7 4 10 0.166666666666667 8.091754 60 5.44921875 6 0.544921875 8 4 4 8 10 0.37890625 7 0.6484375 none 0 ltest7_4 rip 13 60516441448 60524533202
5 11 7 4 10 0.166666666666667 8.08322 59 5.06640625 5.9 0.506640625 6 5 4 8 7 0.390625 5 0.69921875 none 0 ltest7_4 rip 14 60636768295 60644851515
5 11 7 4 10 0.166666666666667 7.114187 58 5.0546875 5.8 0.50546875 6 4 4 8 6 0.41796875 4 0.6015625 none 0 ltest7_4 rip 15 60757175769 60764289956
4 11 8 3 10 0.166666666666667 8.059583 49 5.02734375 4.9 0.502734375 5 4 4 7 8 0.37890625 7 0.6171875 none 0 ltest8_3 rip 1 60880013997 60888073580
4 11 8 3 10 0.166666666666667 8.11245 51 5.08984375 5.1 0.508984375 2 4 4 7 2 0.3984375 4 0.609375 none 0 ltest8_3 rip 2 61001426310 61009538760
4 11 8 3 10 0.166666666666667 10.046895 56 5.7734375 5.6 0.57734375 5 4 4 7 5 0.45703125 8 0.63671875 none 0 ltest8_3 rip 3 61122958122 61133005017
4 11 8 3 10 0.166666666666667 9.080504 50 4.765625 5 0.4765625 8 4 4 8 6 0.41015625 4 0.6796875 none 0 ltest8_3 rip 4 61242210082 61251290586
4 11 8 3 10 0.166666666666667 8.112775 56 5.71484375 5.6 0.571484375 8 4 4 8 8 0.49609375 7 0.70703125 none 0 ltest8_3 rip 1 62073733396 62081846171
4 11 8 3 10 0.166666666666667 9.088755 63 6.05078125 6.3 0.605078125 1 5 7 9 2 0.52734375 7 0.69140625 none 0 ltest8_3 rip 2 62195168883 62204257638
4 11 8 3 10 0.166666666666667 9.059197 45 4.2578125 4.5 0.42578125 2 4 4 7 6 0.33984375 4 0.609375 none 0 ltest8_3 rip 3 62316825588 62325884785
4 11 8 3 10 0.166666666666667 7.079104 54 5.53515625 5.4 0.553515625 8 4 4 8 2 0.46875 7 0.70703125 none 0 ltest8_3 rip 4 62436114444 62443193548
4 11 8 3 10 0.166666666666667 8.110744 57 5.8046875 5.7 0.58046875 8 4 4 8 8 0.49609375 7 0.70703125 none 0 ltest8_3 rip 1 63166908567 63175019311
4 11 8 3 10 0.166666666666667 9.051267 53 5.09375 5.3 0.509375 8 4 4 8 8 0.37890625 4 0.6796875 none 0 ltest8_3 rip 2 63287403037 63296454304
4 11 8 3 10 0.166666666666667 9.066391 48 4.5859375 4.8 0.45859375 5 4 4 7 8 0.33984375 4 0.609375 none 0 ltest8_3 rip 3 63407869536 63416935927
4 11 8 3 10 0.166666666666667 9.034714 48 4.46875 4.8 0.446875 8 4 4 6 8 0.37890625 9 0.49609375 none 0 ltest8_3 rip 4 63528367503 63537402217
4 11 8 3 10 0.166666666666667 8.060019 48 4.64453125 4.8 0.464453125 5 4 4 7 6 0.33984375 4 0.609375 none 0 ltest8_3 rip 5 63650140748 63658200767
4 11 8 3 10 0.166666666666667 11.045437 50 5.05859375 5 0.505859375 8 4 4 8 2 0.46875 4 0.6796875 none 0 ltest8_3 rip 1 64259007757 64270053194
4 11 8 3 10 0.166666666666667 8.060257 50 4.765625 5 0.4765625 8 4 4 8 8 0.37890625 4 0.6796875 none 0 ltest8_3 rip 2 64379562449 64387622706
3 11 9 2 10 0.166666666666667 9.026519 42 4.2421875 4.2 0.42421875 2 4 1 5 5 0.33984375 1 0.546875 none 0 ltest9_2 rip 1 64993154510 65002181029
3 11 9 2 10 0.166666666666667 10.059398 41 4.2109375 4.1 0.42109375 2 4 1 5 5 0.33984375 1 0.546875 none 0 ltest9_2 rip 2 65114671663 65124731061
3 11 9 2 10 0.166666666666667 9.061996 58 6.03125 5.8 0.603125 1 4 5 7 2 0.49609375 5 0.6875 none 0 ltest9_2 rip 3 65235159323 65244221319
3 11 9 2 10 0.166666666666667 9.043721 45 5.0390625 4.5 0.50390625 6 4 1 5 5 0.4296875 1 0.546875 none 0 ltest9_2 rip 4 65355655815 65364699536
3 11 9 2 10 0.166666666666667 8.045253 45 4.9609375 4.5 0.49609375 6 4 1 5 6 0.41796875 1 0.546875 none 0 ltest9_2 rip 5 65477513193 65485558446
3 11 9 2 10 0.166666666666667 9.052901 49 5.7890625 4.9 0.57890625 9 4 5 6 9 0.49609375 6 0.703125 none 0 ltest9_2 rip 6 65595600624 65604653525
3 11 9 2 10 0.166666666666667 9.042436 45 4.9609375 4.5 0.49609375 6 4 1 5 6 0.41796875 1 0.546875 none 0 ltest9_2 rip 7 65717086913 65726129349
3 11 9 2 10 0.166666666666667 8.05102 41 4.2109375 4.1 0.42109375 2 4 1 5 5 0.33984375 1 0.546875 none 0 ltest9_2 rip 8 65836515954 65844566974
3 11 9 2 10 0.166666666666667 9.055347 45 4.9609375 4.5 0.49609375 6 4 1 5 6 0.41796875 1 0.546875 none 0 ltest9_2 rip 9 65956941285 65965996632
3 11 9 2 10 0.166666666666667 7.034756 42 4.5546875 4.2 0.45546875 1 4 4 5 2 0.3984375 4 0.5078125 none 0 ltest9_2 rip 10 66078353535 66085388291
3 11 9 2 10 0.166666666666667 9.048411 45 5.0390625 4.5 0.50390625 6 4 1 5 5 0.4296875 1 0.546875 none 0 ltest9_2 rip 11 66198528455 66207576866
3 11 9 2 10 0.166666666666667 10.077017 48 4.80078125 4.8 0.480078125 2 4 5 6 2 0.4375 5 0.59765625 none 0 ltest9_2 rip 12 66320172470 66330249487
3 11 9 2 10 0.166666666666667 8.058037 45 4.8828125 4.5 0.48828125 6 4 1 5 6 0.41796875 1 0.546875 none 0 ltest9_2 rip 13 66441968596 66450026633
3 11 9 2 10 0.166666666666667 9.067992 58 6.03125 5.8 0.603125 1 4 5 7 2 0.49609375 5 0.6875 none 0 ltest9_2 rip 1 67166211004 67175278996
3 11 9 2 10 0.166666666666667 10.031061 45 4.8828125 4.5 0.48828125 6 4 1 5 6 0.41796875 1 0.546875 none 0 ltest9_2 rip 2 67287964046 67297995107
