2 4 3 1 3 0.4 11.042247 8.032138 9.19019946153846 12 10 11.2307692307692 4 3 3.74358974358974 0.6875 0.5859375 0.6484375 0.216145833333334 d2r04
2 5 4 1 4 0.333333333333333 11.055522 7.038018 8.90433307692308 16 13 15.0769230769231 4 3 3.76923076923077 1.06640625 0.85546875 1.00150240384615 0.250375600961538 d2r05
2 6 5 1 5 0.285714285714286 10.093037 7.088469 8.76236807692308 21 16 18.8461538461538 5 3 3.76923076923077 1.6328125 1.1640625 1.42127403846154 0.284254807692308 d2r06
2 7 6 1 6 0.25 11.079617 8.093905 9.23067346153846 25 19 23.3076923076923 5 3 3.88461538461539 2.1875 1.51171875 1.984375 0.330729166666666 d2r07
2 8 7 1 7 0.222222222222222 10.107643 7.090505 9.16454584615385 28 22 27.0769230769231 4 3 3.86813186813187 2.671875 1.8984375 2.55288461538462 0.364697802197803 d2r08
2 9 8 1 8 0.2 11.120554 8.102451 9.723254 32 25 30.3846153846154 4 3 3.79807692307692 3.36328125 2.32421875 3.12349759615385 0.390437199519231 d2r09
2 10 9 1 9 0.181818181818182 11.118055 7.212893 9.29499276923077 37 28 34.8461538461538 5 3 3.87179487179487 4.3203125 2.7890625 3.94050480769231 0.437833867521368 d2r10
2 11 10 1 10 0.166666666666667 10.132137 7.16472 8.916365 41 31 37.3076923076923 5 3 3.73076923076923 5.1875 3.29296875 4.47716346153846 0.447716346153846 d2r11
2 12 11 1 11 0.153846153846154 11.12484 8.139788 9.23061361538461 44 34 41.6923076923077 4 3 3.79020979020979 5.90625 3.8359375 5.42848557692308 0.493498688811189 d2r12
2 13 12 1 12 0.142857142857143 10.16954 7.153365 8.92119892307692 48 37 43.8461538461538 4 3 3.65384615384615 6.91015625 4.41796875 5.97055288461539 0.497546073717949 d2r13
2 20 19 1 19 0.0952380952380952 11.181483 8.141657 9.32051930769231 76 57 72.6153846153846 4 2 3.82186234817814 16.125 9.203125 14.8834134615385 0.783337550607287 star2_20
2 30 29 1 29 0.0645161290322581 11.388457 8.323237 9.58318630769231 128 91 122.307692307692 6 1 4.21750663129974 26.40234375 15.28515625 24.6920072115385 0.851448524535809 star2_30
2 40 39 1 39 0.0487804878048781 10.482773 8.55184 9.70462584615385 138 101 129.461538461538 6 1 3.31952662721894 34.52734375 19.89453125 31.1505408653846 0.798731817061144 star2_40
2 50 49 1 49 0.0392156862745098 10.684343 8.600517 9.81165746153846 148 111 139.461538461538 6 1 2.84615384615385 42.65234375 24.50390625 38.4642427884615 0.784984546703297 star2_50
