2 4 3 1 3 0.4 11.207499 12 0.6875 4 0.229166666666667 1 4 1 4 2 0.22265625 1 0.2421875 none 0 d2r04 rip 1 63532365788 63543573287
2 4 3 1 3 0.4 10.220865 10 0.5859375 3.33333333333333 0.1953125 2 3 1 4 2 0.171875 1 0.2421875 none 0 d2r04 rip 2 63600350756 63610571621
2 4 3 1 3 0.4 9.243583 12 0.6875 4 0.229166666666667 1 4 1 4 2 0.22265625 1 0.2421875 none 0 d2r04 rip 3 63668281071 63677524654
2 4 3 1 3 0.4 8.216444 12 0.6875 4 0.229166666666667 1 4 1 4 2 0.22265625 1 0.2421875 none 0 d2r04 rip 4 63736412153 63744628597
2 4 3 1 3 0.4 8.221751 12 0.6875 4 0.229166666666667 1 4 1 4 2 0.22265625 1 0.2421875 none 0 d2r04 rip 5 63804274025 63812495776
2 4 3 1 3 0.4 9.216145 12 0.6875 4 0.229166666666667 1 4 1 4 2 0.22265625 1 0.2421875 none 0 d2r04 rip 6 63872154991 63881371136
2 4 3 1 3 0.4 9.211351 10 0.5859375 3.33333333333333 0.1953125 2 3 1 4 2 0.171875 1 0.2421875 none 0 d2r04 rip 7 63940193827 63949405178
2 4 3 1 3 0.4 8.216613 12 0.6875 4 0.229166666666667 1 4 1 4 2 0.22265625 1 0.2421875 none 0 d2r04 rip 8 64008481480 64016698093
2 4 3 1 3 0.4 7.224019 10 0.5859375 3.33333333333333 0.1953125 2 3 1 4 2 0.171875 1 0.2421875 none 0 d2r04 rip 9 64076620353 64083844372
2 4 3 1 3 0.4 9.210681 12 0.6875 4 0.229166666666667 1 4 1 4 2 0.22265625 1 0.2421875 none 0 d2r04 rip 10 64144725009 64153935690
2 4 3 1 3 0.4 7.220433 10 0.5859375 3.33333333333333 0.1953125 2 3 1 4 2 0.171875 1 0.2421875 none 0 d2r04 rip 11 64213074392 64220294825
2 4 3 1 3 0.4 8.230467 10 0.5859375 3.33333333333333 0.1953125 2 3 1 4 2 0.171875 1 0.2421875 none 0 d2r04 rip 12 64281105376 64289335843
2 4 3 1 3 0.4 7.225615 12 0.6875 4 0.229166666666667 1 4 1 4 2 0.22265625 1 0.2421875 none 0 d2r04 rip 13 64349717589 64356943204
2 4 3 1 3 0.4 7.212737 12 0.6875 4 0.229166666666667 1 4 1 4 2 0.22265625 1 0.2421875 none 0 d2r04 rip 14 64417863598 64425076335
2 4 3 1 3 0.4 9.222431 12 0.6875 4 0.229166666666667 1 4 1 4 2 0.22265625 1 0.2421875 none 0 d2r04 rip 15 64485988971 64495211402
2 5 4 1 4 0.333333333333333 10.293768 16 1.06640625 4 0.2666015625 1 4 1 4 2 0.26171875 1 0.28125 none 0 d2r05 rip 1 64558619541 64568913309
2 5 4 1 4 0.333333333333333 9.291702 13 0.85546875 3.25 0.2138671875 2 3 1 4 2 0.19140625 1 0.28125 none 0 d2r05 rip 2 64632254767 64641546469
2 5 4 1 4 0.333333333333333 10.297352 16 1.06640625 4 0.2666015625 1 4 1 4 2 0.26171875 1 0.28125 none 0 d2r05 rip 3 64705805000 64716102352
2 5 4 1 4 0.333333333333333 8.293275 16 1.06640625 4 0.2666015625 1 4 1 4 2 0.26171875 1 0.28125 none 0 d2r05 rip 4 64779255287 64787548562
2 5 4 1 4 0.333333333333333 7.303514 16 1.06640625 4 0.2666015625 1 4 1 4 2 0.26171875 1 0.28125 none 0 d2r05 rip 5 64852624071 64859927585
2 5 4 1 4 0.333333333333333 10.305543 13 0.85546875 3.25 0.2138671875 2 3 1 4 2 0.19140625 1 0.28125 none 0 d2r05 rip 6 64926032151 64936337694
2 5 4 1 4 0.333333333333333 9.296752 16 1.06640625 4 0.2666015625 1 4 1 4 2 0.26171875 1 0.28125 none 0 d2r05 rip 7 64999364090 65008660842
2 5 4 1 4 0.333333333333333 7.311125 16 1.06640625 4 0.2666015625 1 4 1 4 2 0.26171875 1 0.28125 none 0 d2r05 rip 8 65072933386 65080244511
2 5 4 1 4 0.333333333333333 8.269729 16 1.06640625 4 0.2666015625 1 4 1 4 2 0.26171875 1 0.28125 none 0 d2r05 rip 9 65146400041 65154669770
2 5 4 1 4 0.333333333333333 8.298908 16 1.06640625 4 0.2666015625 1 4 1 4 2 0.26171875 1 0.28125 none 0 d2r05 rip 10 65219717585 65228016493
2 5 4 1 4 0.333333333333333 11.269948 16 1.06640625 4 0.2666015625 1 4 1 4 2 0.26171875 1 0.28125 none 0 d2r05 rip 11 65293087923 65304357871
2 5 4 1 4 0.333333333333333 9.309182 16 1.06640625 4 0.2666015625 1 4 1 4 2 0.26171875 1 0.28125 none 0 d2r05 rip 12 65366252781 65375561963
2 5 4 1 4 0.333333333333333 8.301049 13 0.85546875 3.25 0.2138671875 2 3 1 4 2 0.19140625 1 0.28125 none 0 d2r05 rip 13 65440049367 65448350416
2 5 4 1 4 0.333333333333333 8.278005 16 1.06640625 4 0.2666015625 1 4 1 4 2 0.26171875 1 0.28125 none 0 d2r05 rip 14 65513639751 65521917756
2 5 4 1 4 0.333333333333333 8.299838 16 1.06640625 4 0.2666015625 1 4 1 4 2 0.26171875 1 0.28125 none 0 d2r05 rip 15 65587153616 65595453454
2 6 5 1 5 0.285714285714286 10.379652 20 1.5234375 4 0.3046875 1 4 1 4 2 0.30078125 1 0.3203125 none 0 d2r06 rip 1 65665331865 65675711517
2 6 5 1 5 0.285714285714286 7.382253 20 1.5234375 4 0.3046875 1 4 1 4 2 0.30078125 1 0.3203125 none 0 d2r06 rip 2 65744018645 65751400898
2 6 5 1 5 0.285714285714286 9.518491 16 1.1640625 3.2 0.2328125 2 3 1 4 2 0.2109375 1 0.3203125 none 0 d2r06 rip 3 65822844361 65832362852
2 6 5 1 5 0.285714285714286 7.359481 20 1.5234375 4 0.3046875 1 4 1 4 2 0.30078125 1 0.3203125 none 0 d2r06 rip 4 65900726305 65908085786
2 6 5 1 5 0.285714285714286 8.356414 20 1.5234375 4 0.3046875 1 4 1 4 2 0.30078125 1 0.3203125 none 0 d2r06 rip 5 65978540962 65986897376
2 6 5 1 5 0.285714285714286 7.376206 20 1.5234375 4 0.3046875 1 4 1 4 2 0.30078125 1 0.3203125 none 0 d2r06 rip 6 66057246258 66064622464
2 6 5 1 5 0.285714285714286 11.385156 20 1.5234375 4 0.3046875 1 4 1 4 2 0.30078125 1 0.3203125 none 0 d2r06 rip 7 66135684753 66147069909
2 6 5 1 5 0.285714285714286 10.37695 16 1.1640625 3.2 0.2328125 2 3 1 4 2 0.2109375 1 0.3203125 none 0 d2r06 rip 8 66213361766 66223738716
2 6 5 1 5 0.285714285714286 10.383567 20 1.5234375 4 0.3046875 1 4 1 4 2 0.30078125 1 0.3203125 none 0 d2r06 rip 9 66292186386 66302569953
2 6 5 1 5 0.285714285714286 9.385813 20 1.5234375 4 0.3046875 1 4 1 4 2 0.30078125 1 0.3203125 none 0 d2r06 rip 10 66371285399 66380671212
2 6 5 1 5 0.285714285714286 11.390269 20 1.5234375 4 0.3046875 1 4 1 4 2 0.30078125 1 0.3203125 none 0 d2r06 rip 11 66449737471 66461127740
2 6 5 1 5 0.285714285714286 9.403153 20 1.5234375 4 0.3046875 1 4 1 4 2 0.30078125 1 0.3203125 none 0 d2r06 rip 12 66528630196 66538033349
2 6 5 1 5 0.285714285714286 8.382326 20 1.5234375 4 0.3046875 1 4 1 4 2 0.30078125 1 0.3203125 none 0 d2r06 rip 13 66607397804 66615780130
2 6 5 1 5 0.285714285714286 10.390903 16 1.1640625 3.2 0.2328125 2 3 1 4 2 0.2109375 1 0.3203125 none 0 d2r06 rip 14 66686220584 66696611487
2 6 5 1 5 0.285714285714286 10.377464 20 1.5234375 4 0.3046875 1 4 1 4 2 0.30078125 1 0.3203125 none 0 d2r06 rip 15 66764249805 66774627269
2 7 6 1 6 0.25 10.435514 24 2.05859375 4 0.343098958333333 1 4 1 4 2 0.33984375 1 0.359375 none 0 d2r07 rip 1 66847922668 66858358182
2 7 6 1 6 0.25 11.434524 24 2.05859375 4 0.343098958333333 1 4 1 4 2 0.33984375 1 0.359375 none 0 d2r07 rip 2 66931626241 66943060765
2 7 6 1 6 0.25 9.422243 24 2.05859375 4 0.343098958333333 1 4 1 4 2 0.33984375 1 0.359375 none 0 d2r07 rip 3 67015036177 67024458420
2 7 6 1 6 0.25 8.430969 24 2.05859375 4 0.343098958333333 1 4 1 4 2 0.33984375 1 0.359375 none 0 d2r07 rip 4 67098892157 67107323126
2 7 6 1 6 0.25 10.440906 24 2.05859375 4 0.343098958333333 1 4 1 4 2 0.33984375 1 0.359375 none 0 d2r07 rip 5 67182730405 67193171311
2 7 6 1 6 0.25 9.470706 24 2.05859375 4 0.343098958333333 1 4 1 4 2 0.33984375 1 0.359375 none 0 d2r07 rip 6 67266854421 67276325127
2 7 6 1 6 0.25 11.427554 19 1.51171875 3.16666666666667 0.251953125 2 3 1 4 2 0.23046875 1 0.359375 none 0 d2r07 rip 7 67351133859 67362561413
2 7 6 1 6 0.25 9.436217 19 1.51171875 3.16666666666667 0.251953125 2 3 1 4 2 0.23046875 1 0.359375 none 0 d2r07 rip 8 67435154443 67444590660
2 7 6 1 6 0.25 7.446451 24 2.05859375 4 0.343098958333333 1 4 1 4 2 0.33984375 1 0.359375 none 0 d2r07 rip 9 67518918569 67526365020
2 7 6 1 6 0.25 9.456817 24 2.05859375 4 0.343098958333333 1 4 1 4 2 0.33984375 1 0.359375 none 0 d2r07 rip 10 67603372392 67612829209
2 7 6 1 6 0.25 8.442969 24 2.05859375 4 0.343098958333333 1 4 1 4 2 0.33984375 1 0.359375 none 0 d2r07 rip 11 67687718436 67696161405
2 7 6 1 6 0.25 7.425759 24 2.05859375 4 0.343098958333333 1 4 1 4 2 0.33984375 1 0.359375 none 0 d2r07 rip 12 67771702210 67779127969
2 7 6 1 6 0.25 10.433171 24 2.05859375 4 0.343098958333333 1 4 1 4 2 0.33984375 1 0.359375 none 0 d2r07 rip 13 67855688859 67866122030
2 7 6 1 6 0.25 9.442587 24 2.05859375 4 0.343098958333333 1 4 1 4 2 0.33984375 1 0.359375 none 0 d2r07 rip 14 67939875293 67949317880
2 7 6 1 6 0.25 10.437584 24 2.05859375 4 0.343098958333333 1 4 1 4 2 0.33984375 1 0.359375 none 0 d2r07 rip 15 68024024549 68034462133
2 8 7 1 7 0.222222222222222 9.541079 28 2.671875 4 0.381696428571429 1 4 1 4 2 0.37890625 1 0.3984375 none 0 d2r08 rip 1 68112823160 68122364239
2 8 7 1 7 0.222222222222222 9.549962 28 2.671875 4 0.381696428571429 1 4 1 4 2 0.37890625 1 0.3984375 none 0 d2r08 rip 2 68202545235 68212095197
2 8 7 1 7 0.222222222222222 9.520115 28 2.671875 4 0.381696428571429 1 4 1 4 2 0.37890625 1 0.3984375 none 0 d2r08 rip 3 68291989331 68301509446
2 8 7 1 7 0.222222222222222 10.551566 22 1.8984375 3.14285714285714 0.271205357142857 2 3 1 4 2 0.25 1 0.3984375 none 0 d2r08 rip 4 68381882922 68392434488
2 8 7 1 7 0.222222222222222 9.555591 28 2.671875 4 0.381696428571429 1 4 1 4 2 0.37890625 1 0.3984375 none 0 d2r08 rip 5 68471614760 68481170351
2 8 7 1 7 0.222222222222222 9.544793 28 2.671875 4 0.381696428571429 1 4 1 4 2 0.37890625 1 0.3984375 none 0 d2r08 rip 6 68561482246 68571027039
2 8 7 1 7 0.222222222222222 9.56278 28 2.671875 4 0.381696428571429 1 4 1 4 2 0.37890625 1 0.3984375 none 0 d2r08 rip 7 68651343414 68660906194
2 8 7 1 7 0.222222222222222 8.552366 28 2.671875 4 0.381696428571429 1 4 1 4 2 0.37890625 1 0.3984375 none 0 d2r08 rip 8 68740817820 68749370186
2 8 7 1 7 0.222222222222222 10.513864 28 2.671875 4 0.381696428571429 1 4 1 4 2 0.37890625 1 0.3984375 none 0 d2r08 rip 9 68829228703 68839742567
2 8 7 1 7 0.222222222222222 11.547775 28 2.671875 4 0.381696428571429 1 4 1 4 2 0.37890625 1 0.3984375 none 0 d2r08 rip 10 68918432595 68929980370
2 8 7 1 7 0.222222222222222 8.549877 28 2.671875 4 0.381696428571429 1 4 1 4 2 0.37890625 1 0.3984375 none 0 d2r08 rip 11 69008987634 69017537511
2 8 7 1 7 0.222222222222222 10.546649 28 2.671875 4 0.381696428571429 1 4 1 4 2 0.37890625 1 0.3984375 none 0 d2r08 rip 12 69097457219 69108003868
2 8 7 1 7 0.222222222222222 9.548189 28 2.671875 4 0.381696428571429 1 4 1 4 2 0.37890625 1 0.3984375 none 0 d2r08 rip 13 69187170738 69196718927
2 8 7 1 7 0.222222222222222 9.544807 28 2.671875 4 0.381696428571429 1 4 1 4 2 0.37890625 1 0.3984375 none 0 d2r08 rip 14 69277286397 69286831204
2 8 7 1 7 0.222222222222222 9.560563 28 2.671875 4 0.381696428571429 1 4 1 4 2 0.37890625 1 0.3984375 none 0 d2r08 rip 15 69366710232 69376270795
2 9 8 1 8 0.2 9.612036 32 3.36328125 4 0.42041015625 1 4 1 4 2 0.41796875 1 0.4375 none 0 d2r09 rip 1 69461322521 69470934557
2 9 8 1 8 0.2 7.596875 32 3.36328125 4 0.42041015625 1 4 1 4 2 0.41796875 1 0.4375 none 0 d2r09 rip 2 69555839776 69563436651
2 9 8 1 8 0.2 7.60901 32 3.36328125 4 0.42041015625 1 4 1 4 2 0.41796875 1 0.4375 none 0 d2r09 rip 3 69651006634 69658615644
2 9 8 1 8 0.2 9.604378 32 3.36328125 4 0.42041015625 1 4 1 4 2 0.41796875 1 0.4375 none 0 d2r09 rip 4 69744701763 69754306141
2 9 8 1 8 0.2 11.603862 25 2.32421875 3.125 0.29052734375 2 3 1 4 2 0.26953125 1 0.4375 none 0 d2r09 rip 5 69839457875 69851061737
2 9 8 1 8 0.2 7.602127 32 3.36328125 4 0.42041015625 1 4 1 4 2 0.41796875 1 0.4375 none 0 d2r09 rip 6 69934767134 69942369261
2 9 8 1 8 0.2 11.598795 32 3.36328125 4 0.42041015625 1 4 1 4 2 0.41796875 1 0.4375 none 0 d2r09 rip 7 70029803041 70041401836
2 9 8 1 8 0.2 7.623377 32 3.36328125 4 0.42041015625 1 4 1 4 2 0.41796875 1 0.4375 none 0 d2r09 rip 8 70124513095 70132136472
2 9 8 1 8 0.2 8.628114 25 2.32421875 3.125 0.29052734375 2 3 1 4 2 0.26953125 1 0.4375 none 0 d2r09 rip 9 70218453685 70227081799
2 9 8 1 8 0.2 10.614922 25 2.32421875 3.125 0.29052734375 2 3 1 4 2 0.26953125 1 0.4375 none 0 d2r09 rip 10 70313065712 70323680634
2 9 8 1 8 0.2 9.598446 32 3.36328125 4 0.42041015625 1 4 1 4 2 0.41796875 1 0.4375 none 0 d2r09 rip 11 70406883376 70416481822
2 9 8 1 8 0.2 9.645341 32 3.36328125 4 0.42041015625 1 4 1 4 2 0.41796875 1 0.4375 none 0 d2r09 rip 12 70502129545 70511774886
2 9 8 1 8 0.2 7.610095 32 3.36328125 4 0.42041015625 1 4 1 4 2 0.41796875 1 0.4375 none 0 d2r09 rip 13 70596884233 70604494328
2 9 8 1 8 0.2 8.643842 32 3.36328125 4 0.42041015625 1 4 1 4 2 0.41796875 1 0.4375 none 0 d2r09 rip 14 70692095780 70700739622
2 9 8 1 8 0.2 7.590973 32 3.36328125 4 0.42041015625 1 4 1 4 2 0.41796875 1 0.4375 none 0 d2r09 rip 15 70785922511 70793513484
2 10 9 1 9 0.181818181818182 7.705618 28 2.7890625 3.11111111111111 0.309895833333333 2 3 1 4 2 0.2890625 1 0.4765625 none 0 d2r10 rip 1 70884800363 70892505981
2 10 9 1 9 0.181818181818182 8.734995 28 2.7890625 3.11111111111111 0.309895833333333 2 3 1 4 2 0.2890625 1 0.4765625 none 0 d2r10 rip 2 70985943943 70994678938
2 10 9 1 9 0.181818181818182 7.73624 36 4.1328125 4 0.459201388888889 1 4 1 4 2 0.45703125 1 0.4765625 none 0 d2r10 rip 3 71086461906 71094198146
2 10 9 1 9 0.181818181818182 9.682146 36 4.1328125 4 0.459201388888889 1 4 1 4 2 0.45703125 1 0.4765625 none 0 d2r10 rip 4 71187173915 71196856061
2 10 9 1 9 0.181818181818182 9.684391 36 4.1328125 4 0.459201388888889 1 4 1 4 2 0.45703125 1 0.4765625 none 0 d2r10 rip 5 71286675700 71296360091
2 10 9 1 9 0.181818181818182 10.693499 36 4.1328125 4 0.459201388888889 1 4 1 4 2 0.45703125 1 0.4765625 none 0 d2r10 rip 6 71385921029 71396614528
2 10 9 1 9 0.181818181818182 8.706143 36 4.1328125 4 0.459201388888889 1 4 1 4 2 0.45703125 1 0.4765625 none 0 d2r10 rip 7 71486534094 71495240237
2 10 9 1 9 0.181818181818182 8.725376 36 4.1328125 4 0.459201388888889 1 4 1 4 2 0.45703125 1 0.4765625 none 0 d2r10 rip 8 71587255594 71595980970
2 10 9 1 9 0.181818181818182 9.723485 36 4.1328125 4 0.459201388888889 1 4 1 4 2 0.45703125 1 0.4765625 none 0 d2r10 rip 9 71687976493 71697699978
2 10 9 1 9 0.181818181818182 7.723537 36 4.1328125 4 0.459201388888889 1 4 1 4 2 0.45703125 1 0.4765625 none 0 d2r10 rip 10 71788758552 71796482089
2 10 9 1 9 0.181818181818182 7.744303 28 2.7890625 3.11111111111111 0.309895833333333 2 3 1 4 2 0.2890625 1 0.4765625 none 0 d2r10 rip 11 71889705441 71897449744
2 10 9 1 9 0.181818181818182 10.719342 36 4.1328125 4 0.459201388888889 1 4 1 4 2 0.45703125 1 0.4765625 none 0 d2r10 rip 12 71990564829 72001284171
2 10 9 1 9 0.181818181818182 10.712748 36 4.1328125 4 0.459201388888889 1 4 1 4 2 0.45703125 1 0.4765625 none 0 d2r10 rip 13 72090068736 72100781484
2 10 9 1 9 0.181818181818182 11.718673 36 4.1328125 4 0.459201388888889 1 4 1 4 2 0.45703125 1 0.4765625 none 0 d2r10 rip 14 72190932951 72202651624
2 10 9 1 9 0.181818181818182 9.726902 36 4.1328125 4 0.459201388888889 1 4 1 4 2 0.45703125 1 0.4765625 none 0 d2r10 rip 15 72291592952 72301319854
2 11 10 1 10 0.166666666666667 7.812675 40 4.98046875 4 0.498046875 1 4 1 4 2 0.49609375 1 0.515625 none 0 d2r11 rip 1 72397592339 72405405014
2 11 10 1 10 0.166666666666667 9.777385 40 4.98046875 4 0.498046875 1 4 1 4 2 0.49609375 1 0.515625 none 0 d2r11 rip 2 72504588390 72514365775
2 11 10 1 10 0.166666666666667 11.785364 40 4.98046875 4 0.498046875 1 4 1 4 2 0.49609375 1 0.515625 none 0 d2r11 rip 3 72611202418 72622987782
2 11 10 1 10 0.166666666666667 8.736167 40 4.98046875 4 0.498046875 1 4 1 4 2 0.49609375 1 0.515625 none 0 d2r11 rip 4 72716379607 72725115774
2 11 10 1 10 0.166666666666667 9.795748 31 3.29296875 3.1 0.329296875 2 3 1 4 2 0.30859375 1 0.515625 none 0 d2r11 rip 5 72822355522 72832151270
2 11 10 1 10 0.166666666666667 7.784552 40 4.98046875 4 0.498046875 1 4 1 4 2 0.49609375 1 0.515625 none 0 d2r11 rip 6 72927272923 72935057475
2 11 10 1 10 0.166666666666667 11.770855 40 4.98046875 4 0.498046875 1 4 1 4 2 0.49609375 1 0.515625 none 0 d2r11 rip 7 73034464073 73046234928
2 11 10 1 10 0.166666666666667 10.789516 40 4.98046875 4 0.498046875 1 4 1 4 2 0.49609375 1 0.515625 none 0 d2r11 rip 8 73140916490 73151706006
2 11 10 1 10 0.166666666666667 9.818227 40 4.98046875 4 0.498046875 1 4 1 4 2 0.49609375 1 0.515625 none 0 d2r11 rip 9 73247429180 73257247407
2 11 10 1 10 0.166666666666667 7.792658 40 4.98046875 4 0.498046875 1 4 1 4 2 0.49609375 1 0.515625 none 0 d2r11 rip 10 73353674064 73361466722
2 11 10 1 10 0.166666666666667 8.803224 40 4.98046875 4 0.498046875 1 4 1 4 2 0.49609375 1 0.515625 none 0 d2r11 rip 11 73460802200 73469605424
2 11 10 1 10 0.166666666666667 10.803801 40 4.98046875 4 0.498046875 1 4 1 4 2 0.49609375 1 0.515625 none 0 d2r11 rip 12 73565896729 73576700530
2 11 10 1 10 0.166666666666667 7.804167 31 3.29296875 3.1 0.329296875 2 3 1 4 2 0.30859375 1 0.515625 none 0 d2r11 rip 13 73672937161 73680741328
2 11 10 1 10 0.166666666666667 9.779827 40 4.98046875 4 0.498046875 1 4 1 4 2 0.49609375 1 0.515625 none 0 d2r11 rip 14 73779463246 73789243073
2 11 10 1 10 0.166666666666667 8.815454 31 3.29296875 3.1 0.329296875 2 3 1 4 2 0.30859375 1 0.515625 none 0 d2r11 rip 15 73885039960 73893855414
2 12 11 1 11 0.153846153846154 8.863073 44 5.90625 4 0.536931818181818 1 4 1 4 2 0.53515625 1 0.5546875 none 0 d2r12 rip 1 73995612155 74004475228
2 12 11 1 11 0.153846153846154 10.926586 44 5.90625 4 0.536931818181818 1 4 1 4 2 0.53515625 1 0.5546875 none 0 d2r12 rip 2 74108004806 74118931392
2 12 11 1 11 0.153846153846154 9.872286 44 5.90625 4 0.536931818181818 1 4 1 4 2 0.53515625 1 0.5546875 none 0 d2r12 rip 3 74220119038 74229991324
2 12 11 1 11 0.153846153846154 9.862275 44 5.90625 4 0.536931818181818 1 4 1 4 2 0.53515625 1 0.5546875 none 0 d2r12 rip 4 74331685480 74341547755
2 12 11 1 11 0.153846153846154 11.89066 44 5.90625 4 0.536931818181818 1 4 1 4 2 0.53515625 1 0.5546875 none 0 d2r12 rip 5 74443891776 74455782436
2 12 11 1 11 0.153846153846154 8.866816 34 3.8359375 3.09090909090909 0.348721590909091 2 3 1 4 2 0.328125 1 0.5546875 none 0 d2r12 rip 6 74556631515 74565498331
2 12 11 1 11 0.153846153846154 10.889162 44 5.90625 4 0.536931818181818 1 4 1 4 2 0.53515625 1 0.5546875 none 0 d2r12 rip 7 74668366870 74679256032
2 12 11 1 11 0.153846153846154 11.854389 44 5.90625 4 0.536931818181818 1 4 1 4 2 0.53515625 1 0.5546875 none 0 d2r12 rip 8 74780213127 74792067516
2 12 11 1 11 0.153846153846154 8.876619 44 5.90625 4 0.536931818181818 1 4 1 4 2 0.53515625 1 0.5546875 none 0 d2r12 rip 9 74892415530 74901292149
2 12 11 1 11 0.153846153846154 10.96367 44 5.90625 4 0.536931818181818 1 4 1 4 2 0.53515625 1 0.5546875 none 0 d2r12 rip 10 75003358847 75014322517
2 12 11 1 11 0.153846153846154 8.849794 44 5.90625 4 0.536931818181818 1 4 1 4 2 0.53515625 1 0.5546875 none 0 d2r12 rip 11 75114671380 75123521174
2 12 11 1 11 0.153846153846154 11.87218 34 3.8359375 3.09090909090909 0.348721590909091 2 3 1 4 2 0.328125 1 0.5546875 none 0 d2r12 rip 12 75226372184 75238244364
2 12 11 1 11 0.153846153846154 10.856927 44 5.90625 4 0.536931818181818 1 4 1 4 2 0.53515625 1 0.5546875 none 0 d2r12 rip 13 75337943236 75348800163
2 12 11 1 11 0.153846153846154 8.859025 44 5.90625 4 0.536931818181818 1 4 1 4 2 0.53515625 1 0.5546875 none 0 d2r12 rip 14 75449815396 75458674421
2 12 11 1 11 0.153846153846154 9.881572 44 5.90625 4 0.536931818181818 1 4 1 4 2 0.53515625 1 0.5546875 none 0 d2r12 rip 15 75561765195 75571646767
2 13 12 1 12 0.142857142857143 7.952271 48 6.91015625 4 0.575846354166667 1 4 1 4 2 0.57421875 1 0.59375 none 0 d2r13 rip 1 75678374821 75686327092
2 13 12 1 12 0.142857142857143 11.974004 48 6.91015625 4 0.575846354166667 1 4 1 4 2 0.57421875 1 0.59375 none 0 d2r13 rip 2 75796062348 75808036352
2 13 12 1 12 0.142857142857143 8.975321 48 6.91015625 4 0.575846354166667 1 4 1 4 2 0.57421875 1 0.59375 none 0 d2r13 rip 3 75913608468 75922583789
2 13 12 1 12 0.142857142857143 8.981493 37 4.41796875 3.08333333333333 0.3681640625 2 3 1 4 2 0.34765625 1 0.59375 none 0 d2r13 rip 4 76029868745 76038850238
2 13 12 1 12 0.142857142857143 9.956093 37 4.41796875 3.08333333333333 0.3681640625 2 3 1 4 2 0.34765625 1 0.59375 none 0 d2r13 rip 5 76147849543 76157805636
2 13 12 1 12 0.142857142857143 10.983174 48 6.91015625 4 0.575846354166667 1 4 1 4 2 0.57421875 1 0.59375 none 0 d2r13 rip 6 76264053766 76275036940
2 13 12 1 12 0.142857142857143 10.977022 48 6.91015625 4 0.575846354166667 1 4 1 4 2 0.57421875 1 0.59375 none 0 d2r13 rip 7 76380769843 76391746865
2 13 12 1 12 0.142857142857143 7.986458 48 6.91015625 4 0.575846354166667 1 4 1 4 2 0.57421875 1 0.59375 none 0 d2r13 rip 8 76498698550 76506685008
2 13 12 1 12 0.142857142857143 8.988216 48 6.91015625 4 0.575846354166667 1 4 1 4 2 0.57421875 1 0.59375 none 0 d2r13 rip 9 76616078209 76625066425
2 13 12 1 12 0.142857142857143 9.955103 48 6.91015625 4 0.575846354166667 1 4 1 4 2 0.57421875 1 0.59375 none 0 d2r13 rip 10 76732155575 76742110678
2 13 12 1 12 0.142857142857143 9.94518 48 6.91015625 4 0.575846354166667 1 4 1 4 2 0.57421875 1 0.59375 none 0 d2r13 rip 11 76850070926 76860016106
2 13 12 1 12 0.142857142857143 9.980988 48 6.91015625 4 0.575846354166667 1 4 1 4 2 0.57421875 1 0.59375 none 0 d2r13 rip 12 76968158585 76978139573
2 13 12 1 12 0.142857142857143 9.017202 37 4.41796875 3.08333333333333 0.3681640625 2 3 1 4 2 0.34765625 1 0.59375 none 0 d2r13 rip 13 77085667807 77094685009
2 13 12 1 12 0.142857142857143 9.003489 48 6.91015625 4 0.575846354166667 1 4 1 4 2 0.57421875 1 0.59375 none 0 d2r13 rip 14 77203614237 77212617726
2 13 12 1 12 0.142857142857143 12.003593 37 4.41796875 3.08333333333333 0.3681640625 2 3 1 4 2 0.34765625 1 0.59375 none 0 d2r13 rip 15 77321720937 77333724530
2 20 19 1 19 0.0952380952380952 11.163546 77 16.5078125 4.05263157894737 0.868832236842105 1 4 17 5 2 0.84765625 17 1.23046875 none 0 star2_20 rip 1 2349458593 2360622139
2 20 19 1 19 0.0952380952380952 10.157085 75 15.7421875 3.94736842105263 0.828536184210526 2 3 1 4 2 0.46484375 1 0.8671875 none 0 star2_20 rip 2 2502188143 2512345228
2 20 19 1 19 0.0952380952380952 10.153846 75 15.7421875 3.94736842105263 0.828536184210526 2 3 1 4 2 0.46484375 1 0.8671875 none 0 star2_20 rip 3 2655004512 2665158358
2 20 19 1 19 0.0952380952380952 7.207693 75 15.7421875 3.94736842105263 0.828536184210526 2 3 1 4 2 0.46484375 1 0.8671875 none 0 star2_20 rip 4 2807690331 2814898024
2 20 19 1 19 0.0952380952380952 7.189326 75 15.7421875 3.94736842105263 0.828536184210526 2 3 1 4 2 0.46484375 1 0.8671875 none 0 star2_20 rip 5 2960521852 2967711178
2 20 19 1 19 0.0952380952380952 9.21888 76 16.125 4 0.848684210526316 1 4 1 4 2 0.84765625 1 0.8671875 none 0 star2_20 rip 6 3113525290 3122744170
2 20 19 1 19 0.0952380952380952 9.205671 58 9.5859375 3.05263157894737 0.504523026315789 2 3 1 4 2 0.484375 1 0.8671875 none 0 star2_20 rip 7 3266407252 3275612923
2 20 19 1 19 0.0952380952380952 8.207583 58 9.5859375 3.05263157894737 0.504523026315789 2 3 1 4 2 0.484375 1 0.8671875 none 0 star2_20 rip 8 3419982805 3428190388
2 20 19 1 19 0.0952380952380952 8.179275 76 16.125 4 0.848684210526316 2 3 18 5 2 0.46484375 18 1.23046875 none 0 star2_20 rip 9 3572923443 3581102718
2 20 19 1 19 0.0952380952380952 10.176552 75 15.7421875 3.94736842105263 0.828536184210526 2 3 1 4 2 0.46484375 1 0.8671875 none 0 star2_20 rip 10 3726575562 3736752114
2 20 19 1 19 0.0952380952380952 8.18978 76 16.125 4 0.848684210526316 1 4 1 4 2 0.84765625 1 0.8671875 none 0 star2_20 rip 1 5292856910 5301046690
2 20 19 1 19 0.0952380952380952 9.181361 76 16.125 4 0.848684210526316 2 3 18 5 2 0.46484375 18 1.23046875 none 0 star2_20 rip 2 5445413014 5454594375
2 20 19 1 19 0.0952380952380952 9.158853 75 15.7421875 3.94736842105263 0.828536184210526 2 3 1 4 2 0.46484375 1 0.8671875 none 0 star2_20 rip 3 5599100733 5608259586
2 20 19 1 19 0.0952380952380952 8.16247 75 15.7421875 3.94736842105263 0.828536184210526 2 3 1 4 2 0.46484375 1 0.8671875 none 0 star2_20 rip 4 5751822274 5759984744
2 20 19 1 19 0.0952380952380952 7.153558 57 9.203125 3 0.484375 2 2 1 4 2 0.1015625 1 0.8671875 none 0 star2_20 rip 5 5904613666 5911767224
2 30 29 1 29 0.0645161290322581 11.368765 91 15.28515625 3.13793103448276 0.527074353448276 3 1 1 6 3 0.05078125 1 1.3203125 none 0 star2_30 rip 1 6094427885 6105796650
2 30 29 1 29 0.0645161290322581 9.392009 128 26.40234375 4.41379310344828 0.910425646551724 3 1 1 6 3 0.05078125 1 1.3203125 none 0 star2_30 rip 2 6288148126 6297540135
2 30 29 1 29 0.0645161290322581 10.410033 128 26.40234375 4.41379310344828 0.910425646551724 3 1 1 6 3 0.05078125 1 1.3203125 none 0 star2_30 rip 3 6481928474 6492338507
2 30 29 1 29 0.0645161290322581 9.336888 128 26.40234375 4.41379310344828 0.910425646551724 3 1 1 6 3 0.05078125 1 1.3203125 none 0 star2_30 rip 4 6676206682 6685543570
2 30 29 1 29 0.0645161290322581 9.370889 128 26.40234375 4.41379310344828 0.910425646551724 3 1 1 6 3 0.05078125 1 1.3203125 none 0 star2_30 rip 5 6869649425 6879020314
2 30 29 1 29 0.0645161290322581 11.397071 91 15.28515625 3.13793103448276 0.527074353448276 3 1 1 6 3 0.05078125 1 1.3203125 none 0 star2_30 rip 1 30693833452 30705230523
2 30 29 1 29 0.0645161290322581 11.531731 128 26.40234375 4.41379310344828 0.910425646551724 3 1 1 6 3 0.05078125 1 1.3203125 none 0 star2_30 rip 2 30884229121 30895760852
2 30 29 1 29 0.0645161290322581 10.47991 128 26.40234375 4.41379310344828 0.910425646551724 3 1 1 6 3 0.05078125 1 1.3203125 none 0 star2_30 rip 1 31342266787 31352746697
2 30 29 1 29 0.0645161290322581 10.365545 128 26.40234375 4.41379310344828 0.910425646551724 3 1 1 6 3 0.05078125 1 1.3203125 none 0 star2_30 rip 2 31536242003 31546607548
2 30 29 1 29 0.0645161290322581 8.324499 128 26.40234375 4.41379310344828 0.910425646551724 3 1 1 6 3 0.05078125 1 1.3203125 none 0 star2_30 rip 3 31729740366 31738064865
2 30 29 1 29 0.0645161290322581 8.4169 128 26.40234375 4.41379310344828 0.910425646551724 3 1 1 6 3 0.05078125 1 1.3203125 none 0 star2_30 rip 4 31923373691 31931790591
2 30 29 1 29 0.0645161290322581 9.38723 91 15.28515625 3.13793103448276 0.527074353448276 3 1 1 6 3 0.05078125 1 1.3203125 none 0 star2_30 rip 5 32117414003 32126801233
2 30 29 1 29 0.0645161290322581 9.470303 128 26.40234375 4.41379310344828 0.910425646551724 3 1 1 6 3 0.05078125 1 1.3203125 none 0 star2_30 rip 6 32311145005 32320615308
2 30 29 1 29 0.0645161290322581 8.535133 128 26.40234375 4.41379310344828 0.910425646551724 3 1 1 6 3 0.05078125 1 1.3203125 none 0 star2_30 rip 7 32505236438 32513771571
2 30 29 1 29 0.0645161290322581 9.373154 128 26.40234375 4.41379310344828 0.910425646551724 3 1 1 6 3 0.05078125 1 1.3203125 none 0 star2_30 rip 8 32699378086 32708751240
2 40 39 1 39 0.0487804878048781 8.546038 101 19.89453125 2.58974358974359 0.510116185897436 3 1 1 6 3 0.05078125 1 1.7109375 none 0 star2_40 rip 1 38962495389 38971041427
2 40 39 1 39 0.0487804878048781 10.53902 138 34.52734375 3.53846153846154 0.885316506410256 3 1 1 6 3 0.05078125 1 1.7109375 none 0 star2_40 rip 2 39195150727 39205689747
2 40 39 1 39 0.0487804878048781 8.586963 138 34.52734375 3.53846153846154 0.885316506410256 3 1 1 6 3 0.05078125 1 1.7109375 none 0 star2_40 rip 3 39428080438 39436667401
2 40 39 1 39 0.0487804878048781 9.546042 138 34.52734375 3.53846153846154 0.885316506410256 3 1 1 6 3 0.05078125 1 1.7109375 none 0 star2_40 rip 4 39661233966 39670780008
2 40 39 1 39 0.0487804878048781 10.545622 101 19.89453125 2.58974358974359 0.510116185897436 3 1 1 6 3 0.05078125 1 1.7109375 none 0 star2_40 rip 5 39894172737 39904718359
2 40 39 1 39 0.0487804878048781 9.523256 138 34.52734375 3.53846153846154 0.885316506410256 3 1 1 6 3 0.05078125 1 1.7109375 none 0 star2_40 rip 6 40127571482 40137094738
2 40 39 1 39 0.0487804878048781 8.504285 138 34.52734375 3.53846153846154 0.885316506410256 3 1 1 6 3 0.05078125 1 1.7109375 none 0 star2_40 rip 7 40360904532 40369408817
2 40 39 1 39 0.0487804878048781 8.530203 138 34.52734375 3.53846153846154 0.885316506410256 3 1 1 6 3 0.05078125 1 1.7109375 none 0 star2_40 rip 8 40593999045 40602529248
2 40 39 1 39 0.0487804878048781 7.564349 138 34.52734375 3.53846153846154 0.885316506410256 3 1 1 6 3 0.05078125 1 1.7109375 none 0 star2_40 rip 9 40826894692 40834459041
2 40 39 1 39 0.0487804878048781 10.521193 138 34.52734375 3.53846153846154 0.885316506410256 3 1 1 6 3 0.05078125 1 1.7109375 none 0 star2_40 rip 10 41059791506 41070312699
2 40 39 1 39 0.0487804878048781 11.585237 138 34.52734375 3.53846153846154 0.885316506410256 3 1 1 6 3 0.05078125 1 1.7109375 none 0 star2_40 rip 11 41292904397 41304489634
2 40 39 1 39 0.0487804878048781 8.539179 101 19.89453125 2.58974358974359 0.510116185897436 3 1 1 6 3 0.05078125 1 1.7109375 none 0 star2_40 rip 12 41525953949 41534493128
2 40 39 1 39 0.0487804878048781 11.56428 101 19.89453125 2.58974358974359 0.510116185897436 3 1 1 6 3 0.05078125 1 1.7109375 none 0 star2_40 rip 13 41759051669 41770615949
2 40 39 1 39 0.0487804878048781 10.595092 138 34.52734375 3.53846153846154 0.885316506410256 3 1 1 6 3 0.05078125 1 1.7109375 none 0 star2_40 rip 14 41991759700 42002354792
2 40 39 1 39 0.0487804878048781 7.562819 138 34.52734375 3.53846153846154 0.885316506410256 3 1 1 6 3 0.05078125 1 1.7109375 none 0 star2_40 rip 15 42224985909 42232548728
2 50 49 1 49 0.0392156862745098 10.710835 148 42.65234375 3.02040816326531 0.870455994897959 3 1 1 6 3 0.05078125 1 2.1015625 none 0 star2_50 rip 1 42497109207 42507820042
2 50 49 1 49 0.0392156862745098 9.756444 148 42.65234375 3.02040816326531 0.870455994897959 3 1 1 6 3 0.05078125 1 2.1015625 none 0 star2_50 rip 2 42772794828 42782551272
2 50 49 1 49 0.0392156862745098 9.756312 111 24.50390625 2.26530612244898 0.500079719387755 3 1 1 6 3 0.05078125 1 2.1015625 none 0 star2_50 rip 3 43048948338 43058704650
2 50 49 1 49 0.0392156862745098 9.746913 148 42.65234375 3.02040816326531 0.870455994897959 3 1 1 6 3 0.05078125 1 2.1015625 none 0 star2_50 rip 4 43325242827 43334989740
2 50 49 1 49 0.0392156862745098 11.727868 111 24.50390625 2.26530612244898 0.500079719387755 3 1 1 6 3 0.05078125 1 2.1015625 none 0 star2_50 rip 5 43601527183 43613255051
2 50 49 1 49 0.0392156862745098 9.794045 111 24.50390625 2.26530612244898 0.500079719387755 3 1 1 6 3 0.05078125 1 2.1015625 none 0 star2_50 rip 6 43877092683 43886886728
2 50 49 1 49 0.0392156862745098 9.755355 148 42.65234375 3.02040816326531 0.870455994897959 3 1 1 6 3 0.05078125 1 2.1015625 none 0 star2_50 rip 7 44153636794 44163392149
2 50 49 1 49 0.0392156862745098 9.701291 148 42.65234375 3.02040816326531 0.870455994897959 3 1 1 6 3 0.05078125 1 2.1015625 none 0 star2_50 rip 1 49024633389 49034334680
2 50 49 1 49 0.0392156862745098 8.72891 148 42.65234375 3.02040816326531 0.870455994897959 3 1 1 6 3 0.05078125 1 2.1015625 none 0 star2_50 rip 2 49300661909 49309390819
2 50 49 1 49 0.0392156862745098 11.712159 148 42.65234375 3.02040816326531 0.870455994897959 3 1 1 6 3 0.05078125 1 2.1015625 none 0 star2_50 rip 1 53777033194 53788745353
2 50 49 1 49 0.0392156862745098 9.693565 111 24.50390625 2.26530612244898 0.500079719387755 3 1 1 6 3 0.05078125 1 2.1015625 none 0 star2_50 rip 2 54053625434 54063318999
2 50 49 1 49 0.0392156862745098 10.766871 111 24.50390625 2.26530612244898 0.500079719387755 3 1 1 6 3 0.05078125 1 2.1015625 none 0 star2_50 rip 1 54836567011 54847333882
2 50 49 1 49 0.0392156862745098 8.745742 111 24.50390625 2.26530612244898 0.500079719387755 3 1 1 6 3 0.05078125 1 2.1015625 none 0 star2_50 rip 2 55112214786 55120960528
2 50 49 1 49 0.0392156862745098 9.81203 148 42.65234375 3.02040816326531 0.870455994897959 3 1 1 6 3 0.05078125 1 2.1015625 none 0 star2_50 rip 3 55388156092 55397968122
2 50 49 1 49 0.0392156862745098 10.745891 148 42.65234375 3.02040816326531 0.870455994897959 3 1 1 6 3 0.05078125 1 2.1015625 none 0 star2_50 rip 4 55664500387 55675246278
2 75 74 1 74 0.0263157894736842 11.154367 212 64.18359375 2.86486486486486 0.867345861486487 3 1 1 8 3 0.05078125 1 3.140625 none 0 star2_75 rip 1 56036470391 56047624758
2 75 74 1 74 0.0263157894736842 9.212139 212 64.18359375 2.86486486486486 0.867345861486487 3 1 1 8 3 0.05078125 1 3.140625 none 0 star2_75 rip 2 56422474059 56431686198
2 75 74 1 74 0.0263157894736842 9.22797 212 64.18359375 2.86486486486486 0.867345861486487 3 1 1 8 3 0.05078125 1 3.140625 none 0 star2_75 rip 3 56803934729 56813162699
2 75 74 1 74 0.0263157894736842 10.228853 212 64.18359375 2.86486486486486 0.867345861486487 3 1 1 8 3 0.05078125 1 3.140625 none 0 star2_75 rip 4 57185508164 57195737017
2 75 74 1 74 0.0263157894736842 9.099167 212 64.18359375 2.86486486486486 0.867345861486487 3 1 1 8 3 0.05078125 1 3.140625 none 0 star2_75 rip 5 57569960907 57579060074
2 75 74 1 74 0.0263157894736842 9.128795 212 64.18359375 2.86486486486486 0.867345861486487 3 1 1 8 3 0.05078125 1 3.140625 none 0 star2_75 rip 6 57950862956 57959991751
2 75 74 1 74 0.0263157894736842 11.301584 157 36.68359375 2.12162162162162 0.495724239864865 3 1 1 8 3 0.05078125 1 3.140625 none 0 star2_75 rip 7 58332950794 58344252378
2 75 74 1 74 0.0263157894736842 12.26046 212 64.18359375 2.86486486486486 0.867345861486487 3 1 1 8 3 0.05078125 1 3.140625 none 0 star2_75 rip 8 58714452481 58726712941
2 75 74 1 74 0.0263157894736842 8.201828 212 64.18359375 2.86486486486486 0.867345861486487 3 1 1 8 3 0.05078125 1 3.140625 none 0 star2_75 rip 9 59096307426 59104509254
2 75 74 1 74 0.0263157894736842 10.234244 212 64.18359375 2.86486486486486 0.867345861486487 3 1 1 8 3 0.05078125 1 3.140625 none 0 star2_75 rip 1 63756759630 63766993874
2 75 74 1 74 0.0263157894736842 8.194842 212 64.18359375 2.86486486486486 0.867345861486487 3 1 1 8 3 0.05078125 1 3.140625 none 0 star2_75 rip 2 64144401880 64152596722
2 75 74 1 74 0.0263157894736842 8.239277 212 64.18359375 2.86486486486486 0.867345861486487 3 1 1 8 3 0.05078125 1 3.140625 none 0 star2_75 rip 3 64525955595 64534194872
2 75 74 1 74 0.0263157894736842 8.244372 212 64.18359375 2.86486486486486 0.867345861486487 3 1 1 8 3 0.05078125 1 3.140625 none 0 star2_75 rip 4 64907554318 64915798690
2 75 74 1 74 0.0263157894736842 9.263524 157 36.68359375 2.12162162162162 0.495724239864865 3 1 1 8 3 0.05078125 1 3.140625 none 0 star2_75 rip 5 65293441768 65302705292
2 75 74 1 74 0.0263157894736842 11.278596 157 36.68359375 2.12162162162162 0.495724239864865 3 1 1 8 3 0.05078125 1 3.140625 none 0 star2_75 rip 6 65679573031 65690851627
